2936272210891270241
-820608408698749379
2292372077033138008
-573421173494551542
-7070493285277419903
-2250119544947298126
6236179800568676507
-4374788465270453044
-8853346611316617276
-1896551047030161610
7346428580804017930
6027957938499559188
5118165877868287107
4323457554480810757
-5778363686915336819
2102005430215937353
2810687032761669211
-8110107603676649029
8563650371143378867
-337158038841764285
-3320938427937504590
3490975234479245121
-5321332868734685854
3977775757713713278
6709978161121876600
-3075662532648370734
-269569657892231045
-6652726847762191914
-4209999971311809260
-1706371538890150384
3003387236646931967
1154889572301574996
6688161607243390422
6169622664954485574
681806529258261504
-197839346916023066
-2595119218435797361
8877745560400919946
-5120650226237022522
-1572895357871875700
78792906087258259
3736248474748828576
-4837367522657025421
-2638149065591169900
1657268245799026478
-745686030115336293
4616581713264872784
-6707569085884724031
6751451466134770810
8510076745873816200
-2400844323122720402
2523095602373113897
4305493370061394609
1840667397866870612
-6904134413406156807
-771032758742262774
-792577174791111474
7165400340171423256
-7561789051936325128
-4507230968133677139
-2085015762905201152
-8107984787879924248
4830265274718675010
4742989383695520286
6260298556134395711
6613130120226095650
-7411023475294925927
-2184006728279376996
1299528340600161968
1852110872850728190
-7969804939478607964
9098073262995881791
8292200833721903638
-1939121448032279620
-7088063448648381840
3864704124749534882
-6691110251567302318
6340723688023015161
-7825718875750523297
-8505364207753279466
-5327015662829048203
852066052411094577
3347395598872630506
604081012544706735
7422567212414507944
-5916741012571328691
1283579887656842325
7834606604124472185
2218045148504835375
6227869477130400662
-8844475725876213557
-268176004024798632
-5198753619622108978
-2782366246619338749
-3241361107824194056
4322985707769857602
-586223339820901854
-5679792657066006118
4135055409345311945
8372202481229894605
-8814341128354569013
7631460491804412373
5516656692903870187
-7999473004788878389
-8217097943120307293
408649270564262832
-5390257672887307307
-4699553107570698806
-4330232556806798142
1182219955989416383
2801226549462670845
-7820308719907445185
4195964565529254070
-4339767712141768680
6350990757444682968
8989260927213540045
9189805775294524166
-5314259978588856440
-7848914090953997205
-4771339551566102196
-6856322493599796802
-4948195903966997557
-487080568092796883
4358876713283231627
-8606228825883404876
-609696385367165635
-4257601329916187451
-9018943997809404506
5269881198362655195
4611419842176915662
-6955949904548588118
-7815634476144965264
8146506664646241367
-4597343471277291101
2559097702881940324
-3249711334180536872
-1533626213706226719
-2235855335629639765
5533984843860323746
6179634525278591395
5384561965835231860
6728051466023796798
-4559779450801336619
-2153989125374291500
6564191782205140155
-6019611519457216656
-5649979755183548578
8259566988774403341
2245562955475810172
1067903532017040140
8323189260969568971
-8314000020148791040
5638618918743607080
3087745073335247288
8756716571280200468
-6055860852281487404
-6907212806499066267
9058170297783939106
311827266926395960
-1830080349606808811
-8817403254335280378
-2020513303183663496
2193507741825199031
-6077821038305895486
-2903374642757671243
6395388847312612040
4614736253853244206
-3258441851315636201
-8064097510995852568
-8771022515245540152
8935730054761998178
8977233407806824201
7754198164422294671
5477189193030333932
2973078870714982940
-5148712233552566738
6815093127354007720
-8871090146811646978
9175773286971243758
3494515353785275782
-6953757286524817675
2219701009867203057
-2074959001617453366
-2720152699658618400
7208696037903502759
-4930773926867728322
8763724970483788553
250341598273700349
4579253582098283506
316619045019242347
4948381153520117677
-6914278866206420137
-1541572930160235735
-5628919219285048797
-1694686517025530468
-8110294620885006144
-8270977798048778077
9049539445309786349
2370192124377244050
8199304100578498166
-6642493744235270047
42116808221991859
-7882737697299491709
1702349965883655804
8163607781682414651
545939431170056103
-676392897694740153
1955510700442740734
3740181800863915631
-7737982575782580668
-7996108885274407377
5272345894669125792
-6614847527524072940
-6978572824476698896
-979761160975285464
-7932201474005566599
3778734664843638105
-78415417975914722
968355232186774566
-3624375479263141419
5632069140928595415
-1997383776285987871
-3322125183867570431
1130436801378128129
6881304983671213329
2628892326960568140
-4153064032854649616
7966908316707901928
8130666123497698596
8888689050428719752
-2588201654593268090
3675273979156930467
-2514553905966135908
7712414858357925462
-2484739277002670492
7338461884775775293
3983960257498564990
-7081769561017556800
2774081290706120662
-5338366955486067598
-5247292155611800867
5071822845369589288
-5024153107472386126
-8942661566203160726
5174022575873172526
-3208415993194478226
4982208348625187975
3428099849144334057
6929169582821673124
-7414482376492430429
353222343171419073
6705947077668568925
-477316420127038555
-6799434462477395869
1390315166899569262
439708562907209091
7572162728130024225
-7695753716743712263
-6044568926702173665
6290460585184329749
2943603495037337725
2765040739620171357
6164179198823163467
-5603380795139717607
-3078801032988733477
-4053076656462829435
7239428123107984284
9054081118355749821
-5979331107903502902
-3757809843643426462
-4416105977308237887
-3594844403142398563
2636565784657550864
4807278389943044087
3364147773145104704
9052656797245085931
6515748892095894920
5472599283514954743
-3438540411399997930
-8423488423533504712
-8526481647621133576
-698163900041442792
7059725046105414400
-4092261577897376614
-2271006139721313816
-5682884514986698784
-1094092621976244728
-4085041305625965782
-5991171863251226599
221133930117589807
-5623025306430467703
-308860382036265498
8341711368403636976
-1268330574886033832
-8783379178688248851
8996783221219566683
-8625522912124744388
-6684204508911345023
3791485296502902370
6866795570410992828
5134065273104230264
5287374326064881358
-7217224910148084709
-1615282048145977268
4992197534660531990
7384991227503472538
1925027394404917952
8815722413667468953
-5696163782457545153
-5129755399431971482
-6984237579646343803
5605549201311398151
4750525638898685581
-6346894777018101997
-4306719752229319554
382161617887254738
4725764759189052032
-509080679621355225
5263409568525762979
-7877143532355825671
7752510443864138653
-4004906300833044528
4950219092234138781
-1087762972874898421
-8096903618511476678
-2114054875127484741
2068222939473176185
8648368244974279775
2505010774617524500
-748566025064088360
-3426706503591634577
8457843453483599137
