4419459331465314794
6607691416065701196
6296950703675963150
3385073867559733757
4477189271962417844
6292042982254583171
-2423010887906073513
5391763969130099550
-4377507586419722780
-653809068597198993
-8091509203563179938
-2477285013134463584
-3670752334022122290
-7525509544450770178
-2836845457885349796
4779558384920549067
240463266442435772
-38886804396285140
-9098841386911090885
1303679673932058445
920218321716752603
-6949760290661477408
3658274386685315003
-780445896706241166
2713956678439121981
1168432013405663539
-1707295680153260483
4139349795876242177
-3529985078255230712
447440723599401522
-3029543920788079157
-1116298723554489380
-1464844738061006618
529695492541545178
-2643784194031833190
-2741917121214513453
-744194449294987440
1303465846387187116
-786008559417885908
-3312076408776526583
-127696841148353675
7317936246481847897
-1560072225057142462
-2853066117330301398
-5071520620159495943
2960785274619455026
-731027781130965423
150204986709525016
-2972226963725795957
-8427702575861800131
4940853172199417937
2759296443456499221
-765070328647980260
8576398757209657430
-3503705359367016360
7001080257448683293
-5940167490094353648
464253511111515526
8512420842395801340
-2688566201338226942
2575832901059972120
1181259142807402874
-3502523005329064226
1551573039304898873
6819602112790364181
1160308238209184645
-3569941633057813537
4354206493015698069
-4313765549994696623
3907432848686699741
7706587115520287124
-2027701936960032620
211910845291782498
3970199406454800144
1737503575788609861
6558097911068976847
-173891248971886733
4305637596577821339
-3978034926778215442
-1672041333447548161
1424454114158763470
7271342071141022849
596310879987689749
-5887821303904136493
6178176848917071501
1918376117925915019
3674319283141258627
-1424229814684835452
5103105280798465177
8131575194755743458
513984677968882840
-421982876973436878
6753024223358551967
-3939010873538761884
9091673857277959468
2190294929004834081
-7332025333035337506
6192619108029201645
4328046004117391171
-4243590830143898583
4850556184871052596
4737286100677145662
-6135624806815802813
-6454473435418392582
5903938481275246754
-5087549401181170487
1218180098106436631
3432009398936262516
-6542548667599582219
-2409793523370943422
4183822481378020797
-2612590303856951523
-2821412620281381488
-6909523508674579234
-6278174048640396206
7085853215438378503
-6926039543786688539
-6347990609427620631
-2416498200506898476
5313981973571083138
-3679297922690565202
5260010819057732587
-2171067210185796880
8270531846231886664
-567604117570561287
1352568082100385730
-1978692536909346267
-2974092788609032572
-5405063655425658569
6323538089713054969
7459118695847345647
2034880775919210454
-5589440630670838288
-7156980037518220146
-9148178224929770738
-4796635497566485534
5843682822341339545
352777823991865378
-2957011275948640335
2688980263913751399
4323956231810578169
-1114941753943422062
9182905896890363465
-856617760356841091
-128952369690140579
-2517238211908840535
7293912839480109401
6981744219087698211
-2551312556130298673
4975184308783559300
6057418074814150634
5033543978758109295
-5655149388099485582
7543418116424266089
-3219070966372339031
-4651341547622530307
-1907251327745306417
3369786564640354841
6049984019224160027
-5263926481073820600
107286986891353650
-2931557079603611509
-2942258264433910123
8236353027576901690
-530566943178719716
103270307483071581
6962380454024962058
5213392726949830853
6085111072722100414
8670640900211204067
-2991052379568578207
3816225462103663379
-2103240860816554062
-6247668389777815668
1216253769530174464
-1810735480930160956
6934997746303730175
7315149629691815029
167045246700778619
-2134777023215842902
-7469112932676534099
-3079458258169308086
2475988218051046738
-8168202367283476342
-2576211959895063387
-1979259533259388996
4006981370326251325
8973397457656720933
-4973078998166100635
6382676611374958248
-8344249851382486645
-6672428056362838493
3354036366934655687
5245706251752270820
8474442710523617499
-3963959894650308768
8893837120469878658
-5729469259624319751
-6989730042506068603
-536544805248551616
6124830484287550211
7202684103143491788
3474494559401279009
-8484287116145578276
6910205524275348700
-8620075776511518945
-780992900811647004
2967605134634237911
-6883655324764263339
-7029353844902242655
1734981438016613155
-5714592176041309135
6978772054875722178
-3449294275412695687
-5316013465471632847
8087865809308859178
4252541792415162713
-4618203577334384515
5936125951164802805
-6248865853729870356
-6212624340313530067
9153935687894494569
1195052309841858364
-1280155968525781602
6800229362284758219
-5404785509351835776
4522457617528009694
3864267514804785642
3890497459743988177
-7551866566967219942
1712520442639198565
-3471430875087255719
-4100288105825707354
1840041016734596445
-283030032074978903
1540439584089113401
-582287382475826839
5941581481845607021
-3880936972307562791
5014032024112796186
8118304663988794112
7252162551365671203
-7768153179956313428
-1863016444449511212
-6707246690956913823
-2929981660529754942
489436886913343093
840516036396079636
-4856000893173297591
-8688538221083762152
-8035003487781158786
-6707699872751073193
3141467852861774027
5540639387753212015
-3587896045819049556
63670850201209416
7512579546033905750
729048676264346234
464211921997556703
-246646637786897390
6617928237872860496
6360678848203347811
-6407078074222564021
-7950875544717745184
-5009927022692508716
3931762936649051820
-6627734341945087822
-6244521465981205849
7453306395654414038
7063615126922876977
2896215257239440567
8064716670731444622
-6848969991436175934
5389192657150790397
5945573458054852550
1076388531380187064
-6587455559717465492
7493962094686506914
5960464989990493075
5278975862936898479
8162647630493963032
1769760649082780100
-7273430192955635816
8096706539696312079
-111203546489555213
5499214684270779431
-1191743780143344473
-6870349462881246592
5197415872853501665
3040873578604341594
-7149767529046213426
167188622695360128
3240782281302861807
357709285414289432
3671995522303985322
-1085021695355457437
279549324331117600
1748389169226753119
-879105306729992563
-1999161443587157065
-7108999399789133216
9128694645671527588
8298796933199479262
-8345649439378886614
2303950490021829066
-7411798477750909640
-3279940067951327098
-8166119691506530055
-4068628255720227358
-3390873892342558527
5044390291792743434
1269174497190540403
-5235196507555047896
1008378750216084721
-1612529881686090926
-4097767712197030921
142442289174294066
-131125914452896341
6998395577100020049
6239373414390935888
6968583623875370612
-3874805851908139717
2928002153942057131
1567435971795831641
-7797262736660936371
-4213133046489651074
6224840043950031025
-2627166381898267528
-799331874256822292
-2558113114227209283
-6711467967487219920
3787324197756989
7416466378369343651
-7902990962858698897
-2303264077374438743
-3389732936054870131
-7624358963063992160
-5865027162961567116
3964099858583006141
1459677556102405641
-8193817350282729778
-6211901479971750772
3118602996507521423
-8802478650658998812
5228876706442403643
-4952365549567815536
-6697965860426822293
-4522629704240398247
-1462326632428036286
1929893524490976365
-4868123286246171987
-7654177361365816490
-6454325158716520037
6819738459443908653
2893872920742843952
8356855637198256176
-5031863211576035607
5425956186149345527
-8612470845616731737
9173165134410629086
-5284624728729422946
8768033421838939836
7663627600465749944
-7230738785465686438
7358686085593741729
-5636049712788073611
-4781554837848399304
3832821895402382463
7147894614994164622
-1759434738405133938
4546506132674651940
1616732814833143853
1546130342532826782
8760115850141781791
2560810114027901752
8302488806808327706
-2258499149314126245
-4990066735993816174
-4629199997704779459
-8432037867287741271
180653399034478993
-8813633605323746138
-277949254634779882
5930436040931761460
-918440150464384272
4473469089037103354
673126106543341124
8652419902260698645
5363480153134635567
-2370008725848533430
8565425183852263497
6701655445840412479
-8844316549957787773
-4019041334374180360
7930665555663727218
-867640620803732177
1945140670373141567
-7467431166193036503
4724181100843713717
-2292939175410515908
-986176535339726625
8842549340438561754
-4382130970368803110
5952073155798694406
1912387272446659756
-6880475638651697058
-1813092841595782967
-2279852679743455689
-6926528672602492850
-9259321538521375
2753468516612671430
7462569818544315575
5752117235860090381
-9070066827617170160
4985653606827869488
7489720879870994226
-5748966488842233278
6129371804149556529
139804202770289631
6302642600016855251
4085408332336173034
-2571471442358210710
2756921104807815441
3270384718979659127
6692576579895892470
-9038985026545773157
7154875674783157008
-7749083957330665949
7982889093506186945
1582192672831226387
-7478287361114702269
4829155769138003415
-6903383325716800435
1653259880959482661
3678157904010542120
8786841923130097686
-7591486157718293743
-8471387436934537606
-8532592010241118442
819034623313553820
-5814994887303521413
-1358779691613872935
8774040748013915849
-7403663592865355574
285613908365768255
576531803817574772
2947008119003592180
5106313225700238551
7717512663024276515
6040479912895711806
4011760062031128750
6996098367604402999
8114050620180917510
-7053331040685989843
-1926085054627723134
3338084211556680954
5263181962052211834
-8880247935487274130
-2827201671363737907
-6744308507368404682
-4606634944284008358
145328313498278425
-546599522359652291
-173504068285409610
5591920174228303653
-7177509213214919595
1700170330708427426
1746969885071564836
8425262838330261675
6317605043013901945
-296767918685091099
-8041419197795321457
4761400763968028623
7059251066356271933
-8911860588092460839
4598189458032657809
-7541885532633825825
-1798202373692901508
-1686259415126455967
4891081550737479005
2360573102050329615
7495610790543045976
-284433894335501000
6219265773326803269
5693065194407789501
-7143905449958473898
9135117861605609078
6561185032398985604
849598086422664841
6911247068365293705
-7376197428337318978
4499237337195583114
-5325649995640786317
3261325601510742435
-7314023929949130052
-4773430113726538187
2603208101232340453
-7865023736475305529
4550833293486384590
-5091893903153003469
-6867526372504184409
5347984768464629337
3482644320345968068
3840500057618138455
6537776417061247150
3762306017729386235
-2628067140293139387
5167444389339068908
-2150647385408944003
4293908051977226413
-3881395924541384803
-1224271767967389616
4431226394536170136
2285311906567850816
-6251362324096999395
-2232604927306192983
-7224407700109319419
3289317383389705034
-8968985565453614563
-7486697460780817603
8622073382780440473
5932544538552620381
-7290646476903641062
-1939952929291502802
-6163812706185589542
2770694470747540094
7018907391496524783
5105351602808102583
898023677223689819
7869799196828406019
-4472771903271126994
6776979074083348486
-3720309006198390268
-4857845759875153560
4762878337181790440
7706524714798453795
9095221305763766900
6906300256044477174
-4717013777238804151
-7160379786305288224
8355559775673285061
-1869398776275347743
2449710281215911717
3428080606808655656
5828623173427452351
8015501799464613954
1065092018003896849
4852313280850430522
-1541961515042406134
2268572539094292829
-2770761448211743322
-7772697094919966317
5081230981607124674
7084103024398296575
-7953050088459839565
5080617925293047
5038859093817881099
-6412838256119267581
5712486562030029062
8187695519965904486
-5210446005185470960
-5488192424781454944
2869896799258558988
-558903565017849099
-5486246014208772596
-4971847525742668410
1970322331086037707
-7213128543762081076
5593443462267617654
8261407059048645713
6433252032118721534
-4037316231557659431
-8212082326745149174
-1208336712528906964
6643029703110327155
2112495584480286273
3782061622465290302
1123720691553651194
-6427215328835435152
5393153563167924548
-3069286468047602983
-2516753346786397862
-8845095814546857376
-4301232236985610850
1763660437400089303
8257772283227338395
-3916778859726648081
7479415255610248285
-3364532270072560689
4247667622629897061
4174492683882548609
726442117052465074
8950770765047606334
-8909974652795388433
-2103527147703986430
-8097207329444151270
-2851659524698554277
5047940660244544160
-8952566722308414986
-6029505567639768799
-2535820157348595355
1972927743476746171
-1579999446924021141
-1535212142080403003
-546093906206285182
-2226857455495841529
897058818085277496
-5967690557755032645
6721691638706341946
-7465138592818727429
-7193002911216374413
6064087741960634662
6604401887094510965
5389667895109617422
-8599018514230164289
-9182224836704324520
-3596568133996956174
2568174198445026980
2771110079147905437
-3738180138354729434
-6890881598908314533
5280335597815051705
3875451192394348881
