1000434225059262402
1003402152359339638
-1003542065032499616
-1006347006960413160
-1007449397873540490
1008378750216084721
-1013449736561358048
-1016439863477525083
-1016732958394855147
1027383313915220228
103270307483071581
1034948374542487764
-1041165903722627097
-1043912203142941463
-1043949978762790020
-1045071915597162611
1050639995685209033
1052987465003926492
-1056999593161749955
-1064320874318907855
-1077860694796375659
-108818498299893565
-108927776002937367
1090000217584326742
1097290998907330711
1100530405238907805
1104147238429932415
-1104776557793080158
1105214614751320562
-1105297174092284032
1105859480485863955
1106791572736236903
-1110178825994535442
1113197209999083149
1115355208363439633
-1116715270163033011
-1120737188471377560
-112169270945174580
1123720691553651194
1124307642952151087
-1124566715786186049
1125901760502587327
1127154844503445284
-113584387179994339
1136490077581611200
1140789050513465523
-1143161615155091122
-1144096962532513515
1145548862617084112
-1152459727511803980
-1155278296258684214
1159539695833238687
1160308238209184645
1162451033120891787
-1166569738561507490
1168432013405663539
-1172181794636811688
-1172322899711962436
-1176653193150210619
1181259142807402874
-1186515926165698746
-1196273731895756190
1196347577701832603
-1197835936423211729
-1198535544966556575
1198920933509500084
1202337934529165912
1205031371371411886
-1208336712528906964
-1212123931642511828
-1215222751933544875
1216253769530174464
1216885729880636761
1218180098106436631
-1221614666939157299
-1221647981412743843
-1224271767967389616
1225378039071195325
1225445009597833506
1229230228630804121
1232330727809151159
-1234515472310631837
1237136560998517790
1237428458877369073
-1239692870209884798
-1242576946301378796
-124606108898190164
1246726062521748618
1247018827220596592
1251115738711372760
-1263498111396895203
1264905377279206469
1267857971218710061
1269063045618939032
1269174497190540403
-1272301110150133125
-1273002246350418189
1275863946739906486
1276173027440705350
-127696841148353675
-1279377825350480637
1280523998061063525
1284586775831802517
-1288604202307685582
-1291511817409663076
-1293188390961417330
-1298149977167691257
1302159931499929190
-1303025702185334840
1308061265841596151
-131125914452896341
-1319770369458018606
-1324311958777174640
-1324702499112013171
132628483739561075
-1328335865284158136
1328994452526005414
1334641575264828158
1343887045360548894
-1345691276904203812
1346417633787586117
1348379393015785259
-1348677380158188731
1350447973051327230
1352568082100385730
1354896980329667657
1356341468467826512
-1356371960856539928
-1358779691613872935
1362679069350705486
-1365493162790342689
1365870480942918017
-1367585094794932227
1368952613845368841
1369593545568987231
-1370668764629249016
-1374883519046454624
1375018134642046930
1379343992742101621
1385611297860629366
-1388071293022534252
1390300767793381412
1392771543708135391
1393914141378073217
1395562270057991749
1398438700052659411
1404839772501913293
-141526326507460560
-1419052611609220631
1419274046621888683
1419626300815863872
-1424229814684835452
142442289174294066
-1426056436123301871
1429073183115999584
-1433517752958831276
-1435406098592331871
-1441892038182162791
1444502381010141031
-1449005979997520654
1451814236852461474
1461330908310093175
146455930897207276
-1464844738061006618
-1466591718211278763
147505249744973907
-1477446045147148294
-1482531444639124209
-1488188047903173249
1494850414193466630
1497468793814747340
-1499667030051346698
1500504137371456098
1506029531658159149
1508918602723759117
1513012826535387213
1514661976918013000
-1515141566152522729
1518241687130920715
-1521267207886789263
-152190450757955415
1525390639243929879
1528881177868333070
-1533355646687725191
-1541531210847879230
-1541961515042406134
1543896564973964236
1544752266091581600
1546891112768727466
1547973614941010436
-1550347936858852869
1551030166055459989
1551573039304898873
1557668507999627385
-1559707072299073569
-1560072225057142462
-156039371643271784
1566693706618789108
1567435971795831641
1573961979897707197
-1576631994049141741
1582192672831226387
1596966303379741291
-1601149291489313363
-1603359297347571587
1607029292749564808
1609870434359947251
-1610571343367993874
-1610932280689659404
1613037195113705553
1613671411706116214
1614690225740224826
1616732814833143853
1620345791595119561
-1623830405989942633
-1624319306115163250
-16247943272373664
1627154746187985663
1627590498749665644
1628884951122738169
1630207564866494104
-1639386539531511778
-1639562148363701991
-164193542117042137
-1642799971283060563
-1644777573341679299
1650164877819314688
1653259880959482661
-1655776031417639278
1659214784758334559
-1663391319809313642
-1665499901206300150
1665982710763264411
-166775566074598914
-1672041333447548161
-1685211855636538545
168551021629247464
-1687977058360404498
-1692450686679326378
-1694162473832496312
-1698420651932705955
169924138545128983
1699466524134938939
1700170330708427426
-1707295680153260483
-1707817427066903265
-1708337034173328360
-170983905516947870
1711975832873918872
1712366268410618902
1713076783480592851
-1713564994896446633
-1721665935708441098
-1725004997139015845
-1726959036231142205
1734981438016613155
-1737865671595306081
173890565090703157
-1741157834901840654
1746232510997408013
1748137666478672141
174871634260940101
-1753817172697647245
1754740848169533859
-1759434738405133938
1763660437400089303
1769760649082780100
1770422035507341450
1776553019160628011
178580592004291253
-1786113510929453781
1787579430109929078
-1787706985240596885
-1791586681023378973
1794263464255603304
-1794450584862497827
1797261902895289046
-1798202373692901508
1799520265393639152
180653399034478993
-1810735480930160956
-1811059756757061073
181124851055519574
181204554976901667
18131847695932042
1826005864271933995
-1826220163973244505
-1826588061627449285
-1833431167540928862
183633491682113375
-1839283343320103107
-1839603272161309087
1841411131876516764
1844307093667411509
-1848077376634518944
1849165812004380091
-1850542025057663101
1852616098636725320
1854091327172231978
1856027515311785206
-1857013699853820511
1864847190526341427
-1869398776275347743
1876786674096215717
1878738817162016779
1882552949762951093
1890797185642739018
-1892806808938155356
1896737968112248277
1898178848640944759
1898229109520683385
189862473742584493
1900525281039691695
1902506315529481878
1902581343444631878
190715901835349297
-1907203190575852394
-1907228224407414204
1907866508917541620
1912572071693662049
-1913343552528540155
1916677648382972433
1918376117925915019
-1924203577178856148
192512748986200186
1925877757027445157
192973427261971082
1929893524490976365
-1930185244643640853
1930350105773575462
1932668657486043908
-1939952929291502802
-1941717545499035671
-1945879588120865595
194711549007343278
-1949683891327383411
195073415269641263
-1958618640665331311
1963309420238265190
1964151506924062105
1970322331086037707
1970547439459762697
1972927743476746171
-1978692536909346267
1978704866766026755
1979979588983024518
-1981068064532390653
-1985805999944295367
1995026550739801757
1995939223664976030
1996988845687849355
1997050514669136642
-200138331288622263
2009652508588280729
2010553452878503633
-2011075500423255147
-2011834685501302120
2012093353609446009
2013336260820429569
202515767258652808
-2025862965576434001
-2026400285971624764
-2027701936960032620
-2028349947432627451
-2030315751041118878
2031660940818323949
2034880775919210454
-2038605160070603806
2039864326953690083
2043306620979859707
2047851910462929899
2053921900126593235
2056854497722105037
2064952695042451838
2066804093035990382
206826990725344714
2077151646549853411
-2078833773700517888
-2079514495023723864
2081854346353050668
2081929001905959104
-208776380490749613
2091778267997519644
2093109703643370842
-2093207401665755101
2095993670729749797
2101020577325949521
2102750462250197184
2106139675017987625
2112495584480286273
2112893464329817294
-2112910301507385686
2114117577264759734
-2115056199681625620
-2115459454720625826
2117934328201793257
-2118446311466505564
2120284519991611787
-2122223488217534595
212759288519020796
-2128497115800091812
2134174960019117129
-2135416281880269360
-213774645350548767
2143467830129157546
-2145923367925808322
-21473199800871323
-2150647385408944003
2154834713185696425
2161016643647696676
-2171067210185796880
2171369700097585434
-2174715636818316817
2177152842752796196
-2177742520642290064
-2179630480174671143
2184042385730632378
-2187240661925000891
2188236513938591098
2190294929004834081
-219049781824806227
-2195132477843106791
2201030204539115721
-2211861304606515379
2217602165020966817
-221792339644875348
2220093748540745984
-2220653007318746263
-2226484876223098793
-2227038687039973484
2228657256662582058
2228791173554998197
2229684953336092370
-2232604927306192983
2233119443971293050
2236180343292667217
2240145503531833310
2242181631855558638
-224789039061435654
-2252680402631268768
-2256238743635599979
-2256373592978479638
2257823121249690552
-2258499149314126245
-2258689223102618493
2262231565308870730
-2262584587679635292
-2263099214774849368
2264529530700089005
-2265896526808288277
2268572539094292829
2269895012427326266
2271021337151772439
-227465871281378291
2281303423154025905
-2281594906343928914
-2282483303306500647
2285311906567850816
2287691114389565959
2289092199901893312
-2289903541621254355
2290092876505706588
229073392836791422
2292097567757872385
2297215830907865776
2297855607187180384
-2298345216756562973
-2300460903077368327
2302138946600171598
2302721771331777250
-2303264077374438743
2303950490021829066
-2308526827738184028
2311438775106201866
2312902241437195106
-2319119925606425799
2325790441676575714
2326063552816476926
-2327830420024535088
2332961474080656543
2340697213031392087
2341594051580570655
-2350910478135374078
-236702629002974484
-2368756095072725899
-2370003167620107126
-2370008725848533430
2375471372556898986
-2376095559485459737
2380841405192310836
2382364688952622312
-2382460796126413033
-2384232359694921732
-2384841802350393933
-2385900483650819394
2388313972765828804
-2389394093202875127
2389741776474080816
2390396049444257945
-2393691621953542634
-2394262549751980878
2394874323870388435
2396020298299010784
2396946829085129116
2403162624223678617
-2403584500094078722
240463266442435772
2407870087376588383
2412385178006396880
241382142759151244
2415646729555371745
-2416088964806279578
-2416139233803980647
-2416498200506898476
-2417095323558336212
2417108502733451108
2419481509191860950
2422421621348534661
2424253954036362919
-2424760221703691039
2424769638802557170
-2425373410000738580
-2426997506772555409
2427985610658672130
-242941399059405886
-2431020714970623157
2441153025560538455
244502269660699106
244629786825435745
-2447784390735746450
2451658332158509455
2453821240659088670
2462141227063169339
-2464936203320263278
-246646637786897390
2475161757099212744
2475957428542229275
2475988218051046738
-2477570349809313223
-2479759840804608052
2481477807557578730
-2484471841962910088
2487223152423203117
2489087802149929455
-2491819994212641626
2495635005765989390
2495929273173687613
2497624871830772560
-2498185385356235337
-2501063808268258222
-2502356908718075074
-2504394841113712973
-2517238211908840535
-2520348803797773859
-2520444016108732763
-252047546139315130
2524331411551716341
253004401695268255
2535641719626628702
2537039665854449169
2543976471067459240
-2548679279456856595
-2553689631788204381
2557645490390742305
2560810114027901752
-2565366415260951780
-2566302667177203513
2571520046538894841
2574306392682722221
2575832901059972120
2579956172213341131
-2581578988864215475
-2584460301653314905
-259026836974047657
-2592787835201910849
-2593355815523008106
2594893785703468533
2596359491916010283
2597179408507040727
-2597350844200349739
-2600863098449761455
2603902034549749980
-2607067791107815180
-2612590303856951523
-2615798040381323913
-2616811149148821364
2617158182017979198
-2617396363742176506
-2617633012197557926
-2624329116546034328
2624682769820405451
-2627166381898267528
-2628933766623744595
2629568036049134757
2634653229249213685
-264722588492669242
-2648142422620582553
-2656276070261178349
-2661321481759488842
-2672873365799033666
2672922935654424089
-2673290979124462467
2673616393797139817
2677841870036428144
-2680792418331739903
2681978817469732410
-2684299697392073365
2685117095090334764
-2688566201338226942
-2688978752974987049
2688980263913751399
-2694319367656679435
2697749588583922184
2697770552639605951
-2701524600680532354
-2703917412857157465
-270568204210271858
2714785734965525823
-2715726513274656397
2718705592831440269
-2719487030187079351
-2720968669873674160
2729306156724071115
-2736721017468604966
-2737320357883410759
2740323279465652596
-2741917121214513453
2742250950729559398
2742978168540791393
2744342088822794129
2744348593772795493
2745833922588997322
-2752221249634525490
275466737052176533
2755487087369760150
-275597665336355012
2756921104807815441
2759296443456499221
-2760681666300794114
2761536562721345269
-2763443939217236043
-2765116851167634481
-2765398637148147817
2766118263916433340
-2767830030155432585
-2771227772108506033
2773852546251284522
-277949254634779882
2781753339936348444
-2784334021448089723
2789586326814197411
2790156295040715205
-2791120612376678179
2792399945081627008
2794487964887463820
279549324331117600
2796050977022312629
2798635664596693740
2799847447494412105
2802918335023738616
-2803860308864212186
280441176483320205
-2808766230446987224
2820075426295924027
2820349619724810553
2826069681377728379
-2827201671363737907
2828489249340902830
-283030032074978903
-2831638323692762299
283397573376918782
2842790320131852814
-2853066117330301398
-2863502578690246006
-2864307311773246760
2865481564052870687
-286670953048245448
2866790883276460883
-2867074034709260451
-2868317505568462620
2869485047361795494
2869896799258558988
2873374731658033175
-2875698752413837689
-2877540989878400310
-2879306951025175167
-2880448169153313910
2893872920742843952
2895075957497615020
2896215257239440567
2910721015926628664
-291091445633240590
2913180345772838388
2915994140332088261
2916457823979352792
-2917244858934142048
2921971931341516290
-2926278873428949887
2926294317814473550
-2929784306482385173
-2929981660529754942
2930321532355502000
-2931640436003916237
2936842482619209257
2937021843884893982
-2937033803285955478
294018575810994193
-2940363315167882396
-2942258264433910123
-2942503185499923261
-2943196190662126982
-2943324255793630966
-2944801033238131758
-2947057684997349063
2948743948169089503
-294995510650712272
2951118271486065208
-2956946534498847467
-2956988905377468548
-2957011275948640335
2960448815067038017
2960785274619455026
-2964934095932915332
-2965378610119705549
2965537792046100103
2967605134634237911
-296767918685091099
-297282842339297112
2973543582434488468
-2974092788609032572
2974803813853344923
-29769169061422560
2981861671959644648
-2986992131147697590
2987729556626584244
-2989620490647707828
-2991052379568578207
-299339407319184587
-2995469374062198042
3001220003612283220
3001916827020148998
3001961414726537023
3010970808431484178
3016275265807651001
302244637331841374
-3023935889462641463
-3027167951716577390
-3029097784465529624
-3029543920788079157
-3033476091382790265
30377181722710230
303831976147150131
-3040102878022335744
-3040737606354678150
3040873578604341594
3043031686058826440
-3044145409414126850
-3047521312542553406
-3054177526101977467
-3054618521302616612
3054738876723547109
3054791679458673456
-3057252048380504222
-3063937186795300375
-3065331910195343982
-3067136442264541407
-3069286468047602983
3070663080783277403
-307179145632749694
3072653569298879972
-3073591496839140651
-3075662532648370734
-3079169654159035099
3087142268610765293
3088684521587610203
-3089101693630620488
3090706116303264571
309279209491424221
3093895155460487437
3093976483412059449
3094443315303406035
-3099172037199033336
3110079669133873245
-3110390219071159008
311722650842982059
-3117670874495087573
3118373083843003630
3118602996507521423
3120669936657845119
-3121922118881151099
-3122455097845394074
3124016146387086570
-3128635009649219150
3129673538585213298
3131252208024284284
-313126087832877336
3132870156897660990
3133015433882554095
-3133345469455152579
-313512699963147169
3149511723860015596
3150461029744886275
-315379636417965999
-3155080133291359428
-3158027364547294010
3159155458696754968
-3162079191873865778
-3166384768070113422
-3175826145093999713
-3175981989193573585
3177808033510737141
-3182077081456672582
3186642799542249485
-3187885774939263049
-3189139121035205690
3190582354769259415
3193067115747736534
-3198388536892847990
-3201870001823790427
3202219864296065605
-3206547548501262010
32197020848991068
3225413525089537656
-3226612777525271198
-3228535414193511322
-3232073047992327920
3235306440740453044
3238202686838799150
3240782281302861807
3241254254169785823
-3241362445044832885
3244140385965384603
3249750652728072816
-3252211053886373691
3258213339646473532
3261325601510742435
-326469038300464816
-3265448204880148260
326626790695968236
-326697543507163194
3268930358174520987
-3270765718716886977
-3271296923623100935
3275144366407285831
3278341038991959902
-3279940067951327098
-3281467030003821889
-3283472664178801448
-3286276734954677752
-3287905935876951080
3289317383389705034
-3289707232322386508
3293085225317961239
-3293133563023390635
-329578080823634655
3302833639063995073
3302946059626379327
-3303772389161602298
-3304257983264109217
3305848281573137465
3307964438529917577
3308398878432555889
-3308618036783397940
3311943307421816645
-3312076408776526583
-331397282890644162
-331752807543093953
3317983415658615330
-332000188149896441
-3320746169204072672
-3325834207604797512
3333015288587250028
3338146233219709020
3338781266830189184
3343524051038769894
3344140652830004197
3346936124429728028
3352200952987429586
335509742641718763
3355651311763284844
-3358047134300551041
-3359615981575613129
3363451016847721607
-3364532270072560689
-3366657252869878783
3369227186974949830
3369786564640354841
-3371634794960764287
-3374544570942455319
-3378180665669474504
3380061441700555436
3384994830309917118
3385073867559733757
-3386393005136292016
-3389732936054870131
-3390873892342558527
3393487385136672963
-3397950264899918975
-3411765554944079331
3413062393628617307
-3417751102103515164
341797631574118210
341867197879775851
3422716737351525008
3425333378874098010
3427901202115323632
3429062803959325027
-342972561376251228
3431797023382701552
3432009398936262516
3435369708383781075
-3449294275412695687
-3455849224285348384
-3458333801689014356
3458544248566261639
-3461609387651548923
-3463759569441451586
3464150478222412477
3464985322292917535
-3466152678764536317
-3468408759202902543
3469670013229986748
3470591785867079641
347066612446041030
-3471430875087255719
-3471511198062808367
3474494559401279009
3480599768734562222
3481721862962477709
3482644320345968068
3485555588793511660
-3485791736995387269
-3487226840785171542
-3488047259478301093
3496728380214633010
3499342653865964207
-3502523005329064226
-3503705359367016360
-3510460995466424092
3512689388218780990
3513606393585518254
3516317534617850092
-3518432131667351848
3522124418787294211
3528803674859170661
-3529985078255230712
3530210362624768929
3532685530666127863
-3536832850547056252
-3538275337706932003
-3538878381290136578
-3540498876180248796
3540780411260380834
3547585232154182544
3548634945644359336
-3549432640798329999
3549951957208405110
3551477016184207106
-3552677289614478685
-3552807226003139930
3559877209430744754
3565303057400706750
3568949347259167487
-3569941633057813537
3570621465946728386
3571054250159254550
3573708561433139228
-3577779497783283732
3583127023567346180
-3584612860323205970
-3587896045819049556
3589198595639589458
3592302077204855520
3593129211730715870
3593524164465370395
3597032741963453587
-3600364655137507810
3603152336374096463
3603751911038796396
3605212594845385410
3607949092850728269
-360841124297862991
-3612284194689099191
3615578739906868934
-361900988262265813
3620765598578960061
3623430696019512677
-3626444190907607813
3628625349761760729
-3632767939522302247
-3636496612527965956
3645107606592834090
3646378212452860130
3648111034938890556
-3649246750689059875
-3649431526641734648
-3653603122332836111
-3662512409397594193
-366251879521843566
3663625090411287555
3664255681486333253
-3667917846951944015
-3668484696915591896
-3670752334022122290
3672089157809120445
3681213090453315133
-3686486801119934380
-369396971862807630
-3700011870168451769
-3701178350938569958
-3701926058441163178
3702311204604966607
370618432511419329
3707385723764561331
-3710144883163617798
3712205292114593178
-3716120012199754383
-3720309006198390268
-3728686231797152023
3732849303707248652
-3735643464737951892
3736226311413420675
-3738180138354729434
3739358677915890159
-3741055429827244619
3747701579464487201
3748816685184920627
-3749611174432796716
3750463305993176542
3757073909579139552
375816309455935199
3763935294592941308
-3765238034786554787
3765926474449422305
-3767885892596971009
376924825831566694
-3769419165836091415
377206012238641590
-37731137862036688
3774314408712353302
3777938470845258605
-3778868156595790606
3782021664007881568
3783869161183077969
3786342868753140366
3786387926941657481
3787324197756989
3794029385940061258
-3795896925147668796
-3796132336858171623
-3800351878916019062
-3802054906921056735
3804209241877685097
380542333882532450
3816225462103663379
3817521479949567186
3819402500278902479
3820753661491695643
3832978513203381396
3837741467723609283
-3839265174575534707
-3847550060326001894
3864267514804785642
-3866485783814464196
-386725273738488916
-3868112795663467041
-3874805851908139717
3880689077202012884
3881135729231389160
-3885206734450442821
3887436758781093186
3890497459743988177
3901630896607947884
390247981665273978
3902821370277668927
-3903618839235789318
3907432848686699741
3910465750927174461
-3912255761102448501
-3916778859726648081
3926417756281147526
3931762936649051820
-3933705193276752862
-3942561530999728981
3949989453109327680
-3953484838159380041
3953877427854365454
39599140626452445
-395993707778536711
3963343616965802565
-3963527708626169330
-3963959894650308768
3964768220373914291
-3968644554364030198
-396873583293254142
-3969269257412780936
3969886883606307175
3970065275698851885
3970199406454800144
-3976050463333487545
-3978034926778215442
3978369756805356779
39865028387788013
3988215100682681578
-3988700441694917520
3989332788391805011
-3992087048652801648
3994776900166888131
3996662320772390771
-3997819604636466332
-3998130182649756449
-399935562636661943
4005126563907517606
-4011013450571607381
4011760062031128750
4016368315016665166
4016457483183510739
-4019041334374180360
-401950902517423991
4024553027424001719
4032728839515256325
-4037316231557659431
-403742678380294765
-4041411607488693081
4044407758186702414
-4045252682544273384
-4055382140655217175
4059386779915528271
-4060848230600028130
4061260534834067020
4062359947065685939
4064473097372419699
-4065689380588961885
4068927189154651692
-4069346527005594381
407165515215901051
4073074245860253445
4073522992886663833
4074499504902497840
4077758371015244067
-4084970779503309514
4086035357756475166
-4091000254726280726
-40913841187500962
-4092888074886049615
-4093174085848971694
409495934680016519
-4097767712197030921
-4102484449128501640
4110283468461945294
4116994996537302901
4120429083299729791
4121588895723116730
-41216123350780890
4129195570151621398
4131027399567492884
-4133585067256272747
4139220108065118274
4139349795876242177
413995157792954388
-4142530467807614682
-4142789192174511112
-4144569762812309529
-4148901329565286196
-414979162907802215
4153874193423892156
-4163404543945596591
-4164802140313266799
-4167238650610017515
-4173691522134820259
4174492683882548609
4199979246779721965
4202285690536288330
4205550323012181403
4212819958915470173
-4213133046489651074
-421982876973436878
4225006360218168441
4225066175675422863
-4229854074832558947
4236525471561904254
42394790707513378
4241064384297236016
-4243144531933375539
-4243515353405953253
-4243590830143898583
-4251764432258857693
-4253792620545929226
-4256764787387522197
4257202764609798981
-4263804111689334145
4265934304689025796
4266216789125720278
4267299112375507744
-4267564463667378843
4273904931938977900
427400344129506132
-427702057645953358
4278524329945608065
4278785374880512975
-4279955313092718622
-4293158561814247809
429350968801086809
-4296267276269477
429683123907376577
-4297320785312348015
-4300148945139120546
-4301232236985610850
4305637596577821339
4313487088977586719
-4313765549994696623
-4314471668638597967
-4314922013522084739
431969199779198988
4321009234692059314
4323842176203340736
4326991585255573961
-4328626028380431810
-4329617700755552629
4332141957903163547
-4334143634987168425
-4335312355411140491
4335355933502881514
-4339873360319186801
-4340817314567801232
4344703110584053135
4347682134542434373
-4348577929022956503
4354168203472484621
4354206493015698069
4354243927012901223
4358344664333420171
-4358527036970526431
4365164952706896788
-4369494087643375247
-4370795884756116409
4372938062850563571
4373009219299845861
-4374263215950398860
4374656509209998857
4378630689981014232
4380150361648117032
-4382130970368803110
4385176450552036722
-4392259827900430680
439535649700355760
-4396450827956116936
-4398236491202772358
-4403151410272514153
-4404221770027617563
4408091523923709750
4409292357623850688
-441272194818729132
4423905152039210671
-4429009402351546175
-4429648136363868235
-4437386374091570142
-4438109493166734338
-4440735187008651268
4441300579434484832
-4444423904792306459
444502640312867232
-4445731990473041619
-4447682069685781600
-4453441112174692145
-4454080215123344472
-4456856887701280859
-4459842243069779049
4462353617505344868
-4468074939104214616
-4469620351775888832
-4472771903271126994
4473469089037103354
4477189271962417844
-4479365434128809684
4480839574188786462
4483070325289490512
4484156366717758914
449141482571234353
-4492057296712952868
4500217329799982570
450024725141039046
-4501103903195557417
-4502004476390258826
4505651430396222363
4508019561034392831
4510279978229892889
4512336102929639573
4512830367342759415
451996887247349329
4521803226185584875
-4522629704240398247
-4522721986633932673
4522909930558858773
-4523640925938505571
-4526340070856253150
-4527072790263613645
4528481673541022119
-4529354823874008329
4530958619857565333
4539442077678736681
454000800806826628
-4545695149394453221
-4549866484357396104
4556804586609438034
-4556968444938520342
-4557512614138084327
-4558062999830666002
4561019607458244431
4575797833992898504
4581746694968751352
-4584478672741570628
4587904425588586548
-4589625470913339564
-4590461030649372782
-4592548480686424893
-4594864672566432748
-4595379978363104883
4598189458032657809
460230601853749281
-4605525109609301069
4606485892508784796
4607393145085918331
-460771538177817412
-4609224264170430633
4609608828155112599
4611524249382178746
-4612039565605281095
46136813597233348
4613956571674002423
-4618203577334384515
4623161025868217115
4624323127704340824
-4625181506073326643
-4629199997704779459
463262212874702678
-4633066538822467079
464211921997556703
464253511111515526
-464436404377971182
-4648364463890984476
4651644794597972251
-4653640469128305297
4658969490155411995
4659175175849078067
4660502088498639320
4661077850519705573
-466218334083062740
4662184001637127436
4665301443283229
-4665326018912438413
4672769088134469390
-4675400189583831966
4689389366498582035
-4698013702438102622
4709149763421894327
-4710223251010286405
-4711483658240015488
-471498802916020815
-4717128035201107421
4719505139768669276
4719805452957757552
-472171013441710064
-4722853216918954739
4723245228869132620
-4723729283213327300
4724181100843713717
-4737200033995822463
4737286100677145662
-4748134623035715891
-4753644743521581070
4754401145906289688
-475509311381161088
-4755636166466946678
4761400763968028623
4772390272383954436
-4773430113726538187
4775229988969802222
4794263680155772579
-4796635497566485534
4797420888350591929
-4798700255632816789
4805436914685335743
4806165840918882262
48214498373136589
-4822212349578737305
4822282874965275956
-483189067608207936
4835096447189539703
-4835366727715136326
-4836595037484251445
-4836811091446485272
484288339670170041
-4844122986104909878
-4844731356707731868
-4844773992353318670
4845140205093564686
4849442834785481466
4849975581433321256
4850556184871052596
4852313280850430522
-4856000893173297591
-4857845759875153560
-4861634581259196017
-4861740924538329578
-4863120626263454060
4863707077629362165
-4863827295352470751
-4870212677670045824
4871071777609534873
4874949793851545055
-4877435268707754175
4878758806715305351
-4880316567596677800
4881169464241938312
-4884927209700031155
-4889171636584960099
489436886913343093
-4896886226210221832
-4899599162440033982
4900727995631375808
4908178449084887466
4909048603303154916
4911144122866660552
4916591270681685530
-4918397318197654593
-4921397035654592186
492143952667697627
-4921968660146171539
-4923832638413817389
4927810164429792085
-4935308862080247819
-493589960301417953
4938342584557802006
4939018738700066685
4945526041089426687
-4947769104222748459
4950506805285911057
-4953714900079081637
4957995421057735545
-4958901602143003869
-4962104964169932927
-4962234610705017509
-4970463282908651520
-4971246366195978854
-4971847525742668410
4974535630795690524
4975184308783559300
4976801055602398880
-4982760036256321203
-4995051173536072946
5000266879438181417
5001228458197221379
5005261051787102817
-500836571176255628
-5009927022692508716
-5012237058572638700
5014032024112796186
-5018880631190097683
5019580006784644218
5020031089189514386
-5020222768346098530
-5021079398616886966
5022294787016396669
5022753001047143111
-5023780802398107814
-5027313640714291443
-5027437480643343551
-5031863211576035607
5038499699580465653
-5042880166938960382
5043951749010068824
5044390291792743434
5048903279010382387
5052757724394544938
-5052916444076107613
5057263777165328728
506329645764041615
5065934965064274265
-5066788169765889917
5067578067456349922
-5068237006223984538
5068408067490149807
5081230981607124674
5084503112737337471
-5086558798536933191
-5087549401181170487
5088650554282981541
-5091692610919264968
-5091893903153003469
-5095044622697647435
5095768748751560883
5103079556361155511
-5107440112619064196
5107560784476032109
-5110725478477893515
5111336844047383397
5118129545925214072
-5123927435243127130
-5127488080458202300
5127586473343586832
-5129798858706815598
5132335931373531063
-5137845664097699123
513984677968882840
5146631246552098062
5148424407447726274
5154886308031914021
-5155069290937372300
-5157357909637718841
-5158197175490402854
5159834065051875671
5160064328209159340
5161083867325797759
-5163158758384988631
-5166048812162596830
5166332746611413491
5168215237474812095
-5171487532445448199
5173719236685734869
-5175226086181460302
5180204831758287393
-5180875030547552381
-5184179094694471009
-5185130680946393993
-5185479647571338347
-5187893511274345259
5190054826368115542
5197415872853501665
-5199922992877960822
-5202151390701496327
5208893287573944589
5213392726949830853
5217650496110844269
5218506975959337421
5224165870499416310
-5228494354585311837
5228876706442403643
-5229468478474789318
5236563022493382767
5237346069753073695
-5239804263361513217
-5243635323940538337
-5245034200782366975
5245425659894948261
5245706251752270820
-5250779887338690721
-5255448493909644046
5257590275997081425
-525929386112223403
5260010819057732587
-5261867801961969128
-5263117999896866134
5263181962052211834
-5263926481073820600
5265907138529345043
5268176113446198764
-5269261782492316628
5270154571857354199
5271442328574494496
5275943656773995890
5278975862936898479
-528567878647368351
-5287470453686180660
-5288764932754527595
5289672772082860663
5290820208815037737
5291183948795643202
-5292919560174287337
-5295896381330718542
-529604165168650151
5300045070247990856
-5303211115685815227
5303880342616921552
-530566943178719716
5306101830714783629
5310837128193095102
5313981973571083138
-5314399865785985349
5322070650161439394
5322752006779404081
-5325649995640786317
-5332661050451489103
-5333330511164429661
5336058589150837044
533682791691892143
5337609260084184673
5338530110168096967
-5342646433175197007
-5343219037744191562
-5343747680761102556
5349324190718733359
-5353596753277487973
5354877530730759794
5356076447007867812
535840728314100901
-5364084398529269600
-536544805248551616
5366670907025112727
-5366724301202460298
5369130210989470134
-5372877201501843891
5373388406749217737
-5373997963525886323
-5374510920079766905
-5378170108975745730
5381106192791843391
-5387223295988437776
5388224917721491489
5389192657150790397
-5389413653563154613
5390217972834033257
5391763969130099550
5393153563167924548
5396271964630721807
-5398619741500081584
-5398736356337619034
5399164676711598848
-540188987974961901
-5405063655425658569
5407702676235236851
5411417179161924148
-5413832538103978093
-5415240957609829747
5417855614874155466
5420066728771740978
-5420643937974356783
5421914586237799004
-5424374110062581590
-5427818589665220745
5428506720050310160
-5428568224497038786
-5432598013756002632
-5437420900570174302
543891147461923723
5440896566067093634
54457140905718982
5449605036187654582
5450199835767198991
5450461354118784424
5457456692338454194
-5459812457570791230
5462094070218963836
-5465959596259835071
5468536501166622354
5470830071431934930
5472665527018793751
5474173979446840515
-5474384622360274182
-5475975563835322934
54795424258287465
-5481265632272237663
-5486246014208772596
5486903035202807272
-5486931662058212260
-5488192424781454944
5489065593416284362
-5491375669530024060
-5497549436781187789
5500294246422622337
5501956783746310615
5502791282256741049
5503061105463035410
55035864585651332
5506931513358665093
5510173458495824767
-5516241200087969163
5518514282419594076
5521271309291388610
5523835268983301621
-5525106146265874412
-5535053000429734704
5540395737943241492
-5540937262580927153
5541778468234256132
5546642649357063254
5546941756591687617
554734561928763694
5552714216407116637
555902689047861212
5559288695286698176
-5560393346163738981
-5561499579209680605
-5565787249832285427
-5566076351378820804
5567111485905255055
-5570103074959191226
5571429497654355983
-5574030546592647089
-5577174800348589311
558793433805332256
-558903565017849099
-5589440630670838288
5590476187497330764
-5590504072284298356
5593755904898791746
-5598888574129795230
-5599403951914310531
5604236534705114516
-5605112757511655920
5608796945984515362
-5612113716122022805
5618715392640636291
5620104921290123530
5622873412587968925
5622948058111556322
-5627367550567394645
-5627717622977940725
-5632033347184660270
-5636049712788073611
-5640148389770876014
5642984233872308325
-5649984992517835527
-565064568466665145
-5651512222948395371
-5655149388099485582
-5657364818707393153
-5662686749050353511
-5663511802071741584
5664828761737243140
5665697187320892373
-5665887268438482119
-5669188750458434161
-5672739839663202143
5674076422088219008
-567604117570561287
5678682187362444757
-5678708776194245503
-5679972772880518202
5683067508244016243
-5683968552351344744
-5685642874313711770
5687772142923735254
-5689543394340419274
-5701760390682498374
5703168390111788882
5704793417478234310
-5709103774633201404
5709545482892168614
-5710606840785401681
-5714276978159044067
-5714592176041309135
-5715161399503110067
-5717258768978501684
-5721099343286100767
-572274124882222534
-5727062382514905532
5728760598171593678
5728811552026054105
572895672584202687
-5729469259624319751
-5740476422773046684
5746914326711026151
-574985082793023354
57557373359061147
5757679428002377701
5764073045093341886
5783432091996050424
-5784127302850975263
5786186446821088517
-5787909206656306537
5789651572447953808
5789885032626024531
5797043168532124699
5798523578906400641
-579932021322998609
5799655547546533496
5800597750258884300
5802032249459366234
5806233962381644487
-5813423337285875188
5815495633618175877
-582287382475826839
5824545045305163743
-5827797897143540461
5831167183760419557
5831325048709339885
5834340831643592249
5845153466752880695
5845822803714766661
-5846868451747400198
-5850366146972827524
-585156584272751210
5852434685342078116
-5852659042083998330
5854320162591396687
-5854447177208032727
-5858300121955084407
5870413127201625721
-5874501458937538857
-58746232446483635
-5884469158663288593
-5885327409459701699
5887048703766361802
-5887722835809377562
5888245786187950815
-5890834516346876507
5893295420279761941
-590100436968543733
5903938481275246754
5906524727727606789
-59090860763227457
-5910118668130358903
-591136459261090203
-5916351477637688065
-5919230617773666150
-592283757034899781
-5923595519551222765
-5923696536292765409
-5924240127856111368
-5925149789176903488
-5928111099817996188
-5929266198360312179
5930436040931761460
5930884524275572272
5934197484171011317
5936125951164802805
5947911913540373855
-5950137332183045411
5954283473628445060
-5958125345555760924
-5958142519298248294
-5960180616962486258
-5965188557123483562
5968669116453121886
5972614195699610355
5975364091012144293
5976122359896152722
5980111439288270024
5986127560224105490
5988599742785971636
5989812906768282527
-6002418005641863968
600778225934800756
-6007981222665524796
-6008277399182835650
-6010572905736955820
-6017377844764220404
-6018270147323346210
6018793402473446934
-6024728736139210129
602576136159277971
6048116398675847995
-6049942067984612252
6049984019224160027
6051107811476486111
-6055434358207810554
6056507026625399786
6057418074814150634
6061544401301202483
-606432052097249834
-6065123954239551158
-6070641364135419500
6075218730464782704
-6076885102140916468
6081328157259808890
6081654749236233286
6098877126650963629
-6100078643619418943
-6101099419638802952
6103076580004601516
-6106630390492972917
-6107267267531404872
-6110911068071206578
6126786716673262353
6128039134341151007
-6130378155395508205
6131724693247627899
-6132672453339379000
-6135624806815802813
6141387030020412516
-6144145606578486547
-6147630342016038948
-6148846724263088212
-615298404885035530
-6155562243810480218
-6162499222792758980
6165716657189584050
6168222221490589944
-6172346516973621031
-6178567598195114219
6179700835309464908
6179958233769371608
6182277103336081135
6185867649313108480
6188265862182243772
6192619108029201645
6196627019459296361
6203855453670256906
6204066485805037631
-6204081932071342014
-6204442948984610070
6204573818948714426
-6205463734503359308
-6209012276283270831
-6210035534080708255
621364420850925385
-6218299219398187654
-6220333918042414988
-6221264812491573112
6223285054572226121
6224840043950031025
6227268201266396404
-622740528013068964
-6227654735546153040
6230727967054388372
-6232262973329355461
6232908158522880250
6235010119575414234
6235113083148957801
-6236233036738668412
6240823063119195138
-6241015013285654231
6242692103959964570
-6244144949801131860
-6244521465981205849
-6244792315287657481
-6251152398343635683
-6251362324096999395
6254475440423118754
6257925161993996181
-6259074951228225901
6261094119965130376
6262371985262670204
-626528536167116826
-6266295951326314458
6270488159106612180
6275121565140992223
-6276062410944700622
-6277818226881946055
-6277946914338412440
62785008781116532
-6286776124695688982
6296866497570151603
6296950703675963150
-6297563857269737827
-6301018952642072129
-63018973739910722
6303420559907513344
6305976748599243506
-63136752588669751
6315090065201153469
6317945923207320005
-6321235402543692101
6323538089713054969
6326325298462161603
6349159984804610770
6351272789809478734
6353144920224510290
6355584433234981924
6357558375276375945
6360678848203347811
-6363960886537732304
-6367368251873128320
6368597393359172653
-6372616234702324024
-6373439107628089359
6373544848268389305
-6374252380423570784
-6374452772961135463
-6381293505200939612
-6382594879946627238
6382676611374958248
-6382714826463328176
-6389550826988761536
6390680757010380454
6397465075549200143
6400299858420176372
-6404152656787825592
-6404415307004841115
6407556754362435860
-6412061973749305536
-6412838256119267581
-6417145299135668689
-6419012949912543753
6420817648074616389
6425729967931794824
642701818479970522
-6427215328835435152
-6428926636144466764
643011764527822565
643375547775895338
-6438665951678530502
6443030473225222131
-6445950365537030982
-6447066284737918132
-6448775384215080522
6451302666036844728
-6454325158716520037
-6454473435418392582
-6455385624415964204
6456166488540676428
-6466459124838947021
6469435717172980184
-646997869074903395
6472750187473098895
6480442796535596720
-6482815968651541261
6484624244434004885
-6490187008410484261
6492691266648783371
6494067467846361544
-6494508390334525349
-6497420399505806570
-6497421924963008319
-6509534483442420956
-6510372539542896265
-65132368266382717
-6514305261735596142
6514841399623857653
6517133226956191428
-652043065507584068
6522491905114776028
-6525689474862719483
6527221458175669243
-6529449757854759181
-6536030153085421843
-653809068597198993
-6538454818978705688
6540221536492307665
-6541989193278455708
-6542548667599582219
-6543538685243089014
-6546813084085587518
-654950758567967236
6549528873892336601
6551402007510258408
-6554609101485193056
-6557265651186084106
6561185032398985604
6565086618700347637
6576983048567629224
-6577562261795732543
-6579369326500400018
6579946420767988808
6580250542580730897
-6584856889476239778
-6594478809901997095
6597847872629295650
6598624739347479925
6600675635904722907
6603118876429827325
6604572946350519059
6607774100025061970
-6610646168649792563
-6610916230844642261
6612777415984765476
-6617580212681121699
6618937508849578727
-6620423626324355685
6622358491146741459
6625732335384467324
6628643301367056627
-6635633823763806463
6638977014455159523
6641704666925901588
6645631938783944278
-6646470378556471147
-6646784469087487270
-6648558742165544008
-6653884168212493236
6655101410790959174
666835248277573705
-6670223013329760772
-6673255148132525696
6675256131812418067
667884980812238128
6680362858985241541
-6681079490898889918
-6682023019069495657
6682962352671063226
6685593056611660227
-6686780524248745694
-6688433916172076134
-6691667262837830026
-6692387513419437750
6692576579895892470
6695141812821616479
6697729656371486846
-6697965860426822293
-6707569085884724031
-6707573875579931046
-6711409396927072406
-6711616895265562534
-6712117578118788152
6716386981752616857
-6721450707836370696
6725079927968694570
-6729342633017249688
6734352381855739985
-6735295864280573964
6736315113463753834
-6736426784682888682
-673772896890235496
6738173371371816409
-6738641430336996989
-6744308507368404682
6748148569180275554
6749951308472577927
-675091879707762377
6752652155500854884
6753024223358551967
6757772989357567815
-6763756416954639708
6768963739260751652
-6770123357670909085
-6778381966666761538
6780666798142098215
-6788841543873200132
6789878196489437940
679152354300274870
-6794218021082975264
-679741786138917420
6798305066063434045
6800229362284758219
6800273055745366459
6802950969338078804
680306429378213872
6804414740112587355
-6805073340254487134
-6806647098046156573
6813671655714517733
6819738459443908653
6823326797634247310
6828355868030213046
6828637474104661924
6834073764989564057
6844004923170958005
-6848969991436175934
685001657511537398
6853084666900561792
-6853630421572422490
6854970608685443449
6856695763755306888
-6856885521149615144
-6859713235199792327
6863358174770631291
6865716627010475727
-6867526372504184409
-6869393840613060037
-6870349462881246592
-6875813945100847910
-6876590200036724630
6879268479391286645
-6883655324764263339
-6884468495342414901
6887432265171282585
6888481583563550990
6892390876681349435
6900479811085436744
-6902416153323259625
-6903383325716800435
6904054779907438317
-6906397602240246003
6907380745937432988
6910205524275348700
6911247068365293705
6914635639380057593
6915780800306976209
-6918043912872990506
692356964275464134
-6926039543786688539
6929358736682433564
6930808667202803987
6935593199780707010
-6936895184521896733
6940833505616491679
-694393375723592430
6944089654977539432
-6949454935026560257
-6953422234422952393
-6956680822653275882
-6965383630513684419
6966604819800736503
6968583623875370612
-6969206195629565844
6970064051152738473
6974875081110269006
-6977574336615320011
6979720129810838870
6981744219087698211
-6988581695396319738
-6989730042506068603
-6994852273251070649
-6997409037969818739
-6998013691881436534
6998748166745671938
-6999690837132565249
7001080257448683293
-7001254427450759623
700524439298655300
7018907391496524783
-7020200832439471465
7020978778390930649
7022686606175199686
-7023947797756493284
7025596425910313847
-7029353844902242655
-7029440168029198159
-7030523476327098315
-7030824825132155377
-7032538188193822593
7034185878228604119
7049316608069364298
-7053331040685989843
7055367128734023328
-7057315522032062217
7058018316587266155
7060215527007173268
-706157647671654653
7062161587841853308
-7065513437845777774
-7069496276833437906
707089158224827080
-7071828605338718162
707470209163767756
7076650066545210611
-707825437114643649
708058893551285247
7084103024398296575
7085853215438378503
-7087527732749237289
-710414374369812522
-7105749200409452054
7106536628133706150
-7108999399789133216
7114054721319142727
7117409165552674144
7121849383475266401
7123164617292323302
7125314314389048476
-7127997217259212010
-7129169549114834467
-7129500658950177727
-712964377493361848
-7130273045472437642
-7139305745224050097
-7142611003363847429
7144201495303249693
-714451905528217912
-714856626735919465
-7148889810282916255
-7149767529046213426
-7150848176684192471
-7154273676136336558
7155927968950364241
7155982728126751206
-7156980037518220146
-7160379786305288224
7163972387363689372
-7166097867687476895
-716646921057774938
-7166530396833141368
7167409450520227315
7170045044499173258
-7170112529132083340
-7177509213214919595
7178216027311330123
7179318636299864551
-7181204573113769520
7181252083668275820
-7186069047496428761
-7188316236979652509
-7195500802237910948
7195581828726865488
-719667171078891359
-7201079500676885166
-720274263610189370
-7209101860521255694
-721272834320674434
-7213415842200496671
7218037598845070237
7221566194141008434
-722193906808275634
-7222163742024932212
72311179682006797
7233789831718952703
-7241448310856512837
-7249787478991802285
-7250173371972822204
-7251601346657001400
7252162551365671203
7252914360876469299
7257178134636926642
-7262603177703409681
72650427703255902
-7265250282168827090
-726733198766197083
-7267767208703345615
-727106485736792723
-7271367727925668421
7272957257915930017
-7278461093883900169
-7279620111850656732
7280316079112185669
-7285737095016114207
-729031386879221713
729048676264346234
-7290646476903641062
7293912839480109401
7294908899585759020
-7298988103108791180
7309216912235433201
-7309370728805257675
-731027781130965423
731143632378439964
7311647577750989144
-7314023929949130052
7315202861693848692
7320588152665290422
-7324542593554426980
7325384369458948630
7327008366348429142
7328909200104608652
-7329002992189533258
-7332025333035337506
-7333683142432097730
7335543781015523371
-7336107015141444895
-7337162880133802064
733946050051569523
7342053357884054377
7343563223278987430
-7348217391130716556
-7354209111292149420
-7358202067561022319
7358686085593741729
-7364153664064914815
-7365198745234689643
-7368362478352960434
-7370548360319695665
7371875136473570761
-7373823499051135281
-7373860792062002262
-7376197428337318978
7376926655644560987
-7377069925005842750
7377195038301234577
-7377764243894147830
7385234193619502561
-7390599163760178664
-7391616966868484299
7393396740872349648
7404057032800038534
-7404623051950642493
7404898546869033951
-740673919671367285
-7406953488006886135
-7408189275217197768
-7408211020867185467
-7411798477750909640
741381607962063358
7413867167204285941
-7414999830151646902
-7419631413341861536
7422192232373856653
7422338531894676831
7424364180333728760
7425447570924393689
-7425476765117070186
-7426719594077775594
-7429977088990994628
743486045111930951
7439475473206165841
7439929784819822111
-7440566153258021565
-744194449294987440
-7443530734986378553
-7445479687112143325
-7445897891275081303
-7446090049806998249
-7449614439526689151
7450526367639153952
-7452386749074503178
-7453198985722979802
7456723208508251134
-7459185232027847603
-7465138592818727429
-7467431166193036503
-7469112932676534099
7474939227675638029
-7475936107020250142
-7478198871188647449
-7478287361114702269
-7479390631022821903
7479415255610248285
7480522966279581884
7480922052252628452
7482362924075928794
7489720879870994226
7492465909306790906
7497866740523107934
7498474453319103063
-7500548520936414046
750061817015881653
750160587381084809
7504967174181051273
-7510158439368618514
-7515536402484650195
-7518672536515773607
7519756791459203040
-7519936665870771740
-7526420241525022515
-7531070451974435710
-7531558346802134158
-7534085608350323437
7536383617291854902
-7540689837242162029
7541301814242111280
-7541885532633825825
7543286134574206245
7543418116424266089
7544173814848062970
-7547142755692437159
-7547536796127185333
-7548070024383122841
-7554245667091454695
7554297719096898472
-7555964216097333548
7557652306826680552
-7562257816020625060
7565727261233805130
7566834272202763865
-7571359903359416317
-7572561965188279070
7575473799881847764
7579653705473687340
7580667815816780037
7581101701458498733
-7582525010743386988
7583320444291949914
-7589117084972878588
7598595217931945787
7599043744056367807
-7599317426509229544
7606741985448738335
7616736878934440009
7618858710504386228
-7622193933418073291
-7624003903093015068
-7624358963063992160
7626416141900859790
7627980861787686606
7629042012192236634
7629377182488038568
7631703262115717323
-7631965796966025029
-7635545693945218218
-7635782068958282133
-763591621080945752
-7639294964485616608
7646311121463115967
-764680174989258744
765143242536108480
7652699717987728842
-7654177361365816490
-7654354801817650025
7654539664679478469
7655812499889910125
-7656518648550422927
7656790790569954499
-7662316137508210417
7663627600465749944
-7665824978472355607
7670016868096325430
7672549714523288987
7675514792784941517
7676047702961097038
-770588458940898844
7713988776467713984
7717512663024276515
-7720469400955521486
772170652367296682
7722810495151878368
7722824597170383276
-7725993484008892863
-7734174076751484103
773536735170146027
-7747052469960497917
7753414074946588784
-7753695452768565860
-7753785544305974362
-7755866766924921428
-7757765594040723287
7758136687920457933
-775902537650374527
-7761181575573017462
-7762403686590110846
-7764263793274360302
-7764286146570760688
7764464648741732967
-7765742975216840836
-7766941914829282337
7775388664148723941
7775990247294620152
-7779225382464502805
-7779367382201464050
7781821991488297375
-778241967389949934
7784050153642561021
-7786104059603174162
-7788946792243928145
7790250623456276925
7792628059960349658
-7795830984904760533
-7797262736660936371
-7798607688823205902
-7803083322660817382
-7803304874582797156
-780445896706241166
7812258558092678726
7814410558628714308
-7817353201839237972
-7826661410793856989
-7827006445086289360
7832772127034734957
-7842132152692140862
-7843189849269709979
-7843751226142510524
-7845156169221813190
7845345425922936518
7847370345097580276
-7849873633096052251
7851765173436209848
-7851837943704434687
-7856160175376879966
-7858010301856042684
-786008559417885908
-786991468572818117
7871537363897533359
-7876001432150277554
-787978318981532056
-7882201909739951995
-7882942453616224227
-7883146894620446413
7884668812147662053
7888412574381372744
7893278700138980279
-7900787753441543990
7903238510575464817
7903731378340448297
7904336821880748629
-7905117249045877783
7908434542489127808
-7908487363316724346
-7912263750293354310
7912519538381195072
791281956189662995
7917440239187874852
-7917637578988144111
-7924517000531675059
-7926835475078709655
-7930110301026788356
-7931349799084276427
-7931428839767682631
7932733497504150875
7938673099935778653
-793981229378227584
7940921063955300159
7945011564695386555
-7945972066114861702
795048596753388897
-7951306734228249130
-7953672568457646421
-7955214313627366521
-7962327689239572247
7962331640153912383
7964282165199316691
7970728294338851060
-797215732332571152
7982889093506186945
-7993119931591813188
7999659700037188401
-800942670451344818
8014275902103173199
-8016467066573026345
-8020655461242602990
8021038683060410803
8031604120579888280
8034186627613429092
-8034451994771170371
-8035003487781158786
-8035555995939102058
-8035781614824004125
8037619378421424750
8039856852416261744
-8041411342437258045
8045206944080163833
8049809678799998282
804996166800162041
-8051872931228214412
8056857251523299403
-805748255444123420
805899633795231304
8064716670731444622
-8065626536538690170
8068887604308001186
-8072446682262851977
-807451269107470707
-8075562918183042640
8080051691841910536
-8082019734521155114
8083634776079983394
8087549657139761721
8088459762405286632
-8091509203563179938
8091670664138277287
8094514359821700213
8094829818882113034
8095254049291222194
-809616234404688885
8096384071178492106
8096706539696312079
8103234503724572758
-8104902412246165625
8105905229140172080
-8112811761483299129
8114050620180917510
811620710920565530
8125098037888746478
-8125293580421308547
8126605225182187082
8126701450365127363
-8127206187667728063
8131575194755743458
-8131764584869292898
-8133157588814017035
8134592452880001853
8137157975638435250
-8137352329090779027
-8142791888512268554
-8147731210896729026
-8154465032003165972
-8155152350552104805
815971261857896007
8163870794515774358
8165459036345530014
-8166119691506530055
-8168202367283476342
8169617314233798035
-8170719253936323790
8172830537351358255
817424684743577016
8181907601802429714
-8183404807157086261
8183663870759268561
8184605475991013581
-8185456882558718582
-8185886811785194620
8187695519965904486
-8189738497384895773
819034623313553820
-8202250212731482329
-8202525638444757888
820299863993482072
8205425798601690266
-821156112289151700
821261639824107245
8215773562251467998
8219120967361272146
8219543018932126370
-8221583389036997097
-8221689366292534232
8222876049957576965
8225188759744172441
8226080378139144521
-8230625118934076236
-8233197839236652345
8233378976656840132
8234551082084127589
-82350228733511895
8236000930497543570
82367479226177105
-8239536395024272316
8245072778997713962
8249932588033113363
-8250515131223749731
-8251328522590393235
8256279974368639403
8257772283227338395
-8261232842921954907
8267871233081852280
8270531846231886664
-8275016189955297381
8277241377462361399
8277369216257458993
-8277895683724881381
-8283999773047202432
-8286673855815682184
8287056448216905960
-8291670967336392660
8293325763261630911
8294858489578683934
-829603683626065098
-8297873767844317025
8298796933199479262
8302488806808327706
8310007051757121459
-8316586628058676996
-8316814848876262163
-8318621943767157706
-831928758436700516
-8322554001059091326
-832480515143655789
8328581683189475364
-8333785703980627207
8334249687815721630
8342272501889608084
8342742259621121170
-8343215222910452525
-8344249851382486645
-8344646377233421618
-8345649439378886614
8347047590643852242
8355125756157729110
-8359350575189764312
-8361829573923950128
-8362041284671481108
8366948143432738520
-8367634833435597401
8371652736251496653
8373172537152975019
-8377723934678482948
837827299252069364
8380322747047003420
-8380432613937639901
-8380778904666004380
8380930495028407637
8385535753759854961
8388094501235670248
-8389782644191799683
8394913681583439231
8396888797682718033
8397728816527093516
-8397885593586438122
-8399910998880829666
-8402090836221627409
840516036396079636
8405506375551410364
-8414749680531514872
8421024418924389283
8421806129244780240
-8425367001338134824
8425948788125474004
-8427702575861800131
8428804241491899561
-8428818329407184588
-8432534753445698102
-8432969597892811012
-8433445996787989147
8437677026417146061
-8443576057833145037
-8447805463900578623
-8459016521936815747
-8460566360578044842
-8462185618472434812
-8469352185125002429
-8470365683171261369
8471768375129990044
8472718071618243433
8475630693253726332
-8475665430587294107
8476331162559660355
-8478117558891899621
-8484287116145578276
-8491376328024901483
8493011459346705995
8494446855332391315
-8495061056850240067
-8499190974198459643
-8504134002565337629
-8507143153415977338
8508350006169680797
-8508400264481109612
8509712224372783572
8512420842395801340
-8513553994945762991
8513992998122282470
-8518215711156178384
-8519512361512178259
-8521029759188985282
-8522147972081025289
8524915210992905368
-8535352967892407238
-8539746424265254655
-8542015125126349651
854238908718257351
8549654095485664540
8553255715925214869
-8553529520516894374
8554152829726778170
-8554580012407607573
-8556545603944812608
8558709811258753419
8560332403893324132
8561175969770396759
-8563191174237892707
-8563606638628383638
8564060321371608658
8565425183852263497
-8568858120757415918
8569378897449250626
-8574736813144573639
-8575447758823361365
8576398757209657430
8577071089956285500
8582348122977568231
85836246184462660
8584570076445795954
8585612560600109577
-8587216361004858892
8591984607782833412
-8593264052691759603
8593949090891919131
8595569698394003366
8598708947817821298
-8612470845616731737
8618159667993258632
-8626519792597719813
8627383393439749853
-8630348664630931639
-8632194353588026148
-8634949895069993431
8635442734770449304
8636172508531820147
-8636173819058053957
-8638556614117531621
-8640198437808745433
8642483259615019179
864375838282961025
-8644946466705550241
8648126129884310985
-8650894131091900027
8652419902260698645
-865577771759554863
-8657031388737146137
-8659318105864834924
8663335146688072154
8666649238937265616
-8667576912203465584
8668644704405043011
867666884483659260
8678290441327251834
-8683537259828447555
8685674214794294353
-8686147369025303654
8686537510204353606
-8688009625761315170
-8689627267607777514
-8691399926693935659
8691401279264087996
8691851060307049263
-8699413074338055275
-8700938342889897068
8701581156685746445
-8705475289620203218
-8706403521861588920
-8708888971854595275
-8710646089146536639
8713903873972207154
8714574355973504767
-8715609805927015270
8718160032518984028
8722493518278762450
-8722509792001533051
8722628868244929146
8724043650914562148
8724316464557872178
8724633443953778203
-8725850053894445405
8733512587680970819
-8736208159835573235
-8756928142297681118
8758407594969309484
8759080764477617682
8759913281427419329
8760524121813550997
-8763611740610693014
-876520930253789462
8766360748766494420
8768033421838939836
8772365449155498270
8774040748013915849
8788568300450037048
-8791154155433031690
-879125047067381707
8792537661382828585
-880091099364108174
-8802478650658998812
-8802614439842315149
8804731812647897037
8805026423873964219
8810327539122747699
8814637358930516640
881602143414399327
8817373215820276494
-8817620797238961434
8817974040704277449
-8820600822556886723
882151998684084596
-8822635733674023361
8826485469543047974
-882960032050774943
8829921722016483535
-8832239572836973853
8832527330620734939
-8832633178077115826
8832769540416572291
8834603033665473113
8835148149594097906
8836667482658557231
8841477887632245242
-8844316549957787773
8844978450453497698
-8845095814546857376
-8847159752962586687
8848089403755415830
8854383129226603238
885664786107522999
-8857370500147360795
-8860617531360033502
-8860964927214028555
-886350788764534274
8869879670527069323
8870657495727753922
-8872692577625698104
-8872955958154016200
8873825692293332139
-8880843236367845621
-8883763925648512256
8890221710098141387
-8895328453038648755
-8906834815527194722
891149101162423389
-8912314081156816641
-8912635688294377113
8913402090956406335
-8918742563684779583
-8920444326109883835
8923244428872498913
8924711286114207713
8927131791950673414
8934318229280687254
-8936046077529577620
-8936957238740109267
8938119505864636269
8939623599092048999
8940312492438931881
8940696712129427119
-8943266374288182390
894485932507547561
8950276197479180320
8950770765047606334
896063706761154558
-8966563496774081612
-896710158694404583
-8968985565453614563
-8969324065459234841
8969441161927919893
897058818085277496
-8971902489751810020
-8972659451346949138
8974100691544691832
-8976281911247498540
897828132750568265
898023677223689819
-8981828889681451249
8983257761771519879
8984216173928720397
8984276179350156302
-8987672496470433412
8988120137570783235
8989375185453680129
-8991237982732650319
8993239845675451461
-8994260389760913674
8995615451991164704
899775284739595948
8997954968983430312
9002546071771648370
9003592863272860419
-9004628242453061382
-9006877354463547680
-9007395713626810635
-9012972319651427403
9014638237278227975
9023165180073843378
9025980851847400575
-9030008305251544572
-9032660132452314484
-9034016585285887195
9035265730635259552
9036326195848128434
-9036557737849462537
-9038985026545773157
9043177855550166262
-9045773406272941548
-9051165690488490839
-9057888671997555837
9065804419055919299
9067939379539344870
-9073416256333791152
-9077921964034857476
-90782969110891565
-9078330970202755616
9078727522521383443
-9083651444880327312
908422436691852991
-9085878922545067047
9088530765827234530
-9090418031145784308
9091673857277959468
-9093147619597919998
9095221305763766900
9096276379438656571
-9096455427776441644
9097325431608827271
9098410296507928045
9104613216423365865
-9107739283037611475
-9111998064435018016
9112184788934420306
-9113038230199703195
-9116041067969951418
-9118524915586262619
9120672370798949802
9121977184552261954
9132784819183200857
-9134378506512398896
9136238227115105563
914293117958121815
-9147632201253783693
9148015660594836982
9148252030977682643
-9149591893213515646
9151438441405867130
9152460776048308023
9153024494380039039
9153935687894494569
-916099854550906904
9163210234513043363
-9165616300878750590
-9169844029703550436
9173165134410629086
9177585016346210845
9178550867029600479
-9180322419461444759
9184236104298153084
9186547959333619191
-9187218024779139726
918842257495056518
9194138280224043254
9195983042305669974
9196009628846706737
9197064244045872306
920011106013598529
9200132982246239437
-9200199879841941928
-9201515283987137665
-9201793644912314836
9202577454042478220
9205027293046873454
9206599231055422248
9207418867406345844
-9216788100887804733
-9216960341592663718
922430364285511563
928991834607279746
938601459232155369
939241548279605153
940152865121300901
-942694536110541438
-946010016416411686
-94616787637919453
947579978322015770
-950415860430380545
95467643994837831
-956381980959605280
961213540740244621
-962078616530166048
964795534628930594
965115955040638468
-966354263131367580
-966812452079454079
-967238988807938503
97014160977641627
974076571458255693
974168702764021678
-976354526767995772
-977228447005512496
979610079888698537
982107804973611476
-986225586366280056
989629470508595831
-989866858445615644
-990189335972935403
990816581127255336
-991199521971628920
-994073438298982768
-996872531877762639
-997917220939039588
999087387521769084
