-8844475725876213557
-1989712708224960966
8371652736251496653
-5027313640714291443
-2006221353275715424
-8322554001059091326
-8402090836221627409
-6954933747371683477
-4711483658240015488
-8909875008480381532
-7869064504036115595
-3519782318516339918
8174538124396945180
-2250119544947298126
7504967174181051273
5420047665732547788
-6354506911536814201
5115657081408349079
9016005989005653133
-1159610984874641023
-8152059637785515413
8719401320274293002
3733959429333665617
4900126381447539224
5678682187362444757
3241254254169785823
-797215732332571152
-7449614439526689151
6709978161121876600
-657881891771487803
-170888899155946275
-7845759485105951426
-7427732617907494761
-4374263215950398860
-6445048791143443906
-2715726513274656397
-3863488520813867415
-4071358246703187772
1553188929302893045
-1814981482963887225
6954730298125056610
2268556978505361893
-1477446045147148294
6169622664954485574
-1915163198289493013
-2042370308620573324
3464300491988511113
-2595119218435797361
-8920444326109883835
4984831960179584146
-7930005943822056894
-3652392019570511964
5300045070247990856
-5105779928506204962
-4615079893563477863
-1056999593161749955
-4424965793088312031
-3146288928145224983
-8033125402693499371
-118308619059423126
1840667397866870612
-1556315458556307349
-6904134413406156807
-1739355641680968158
-6615737158709656402
2567996106333696621
7131322732854023371
-4951684408328987447
-5077651236044624775
-7316019682985856141
-2085015762905201152
-8914999715956757483
4704836709402779931
-1863214199127441127
3012714972809428294
-2833375919061289986
-4398236491202772358
8037069952722734236
-4948305205101419399
6075328987117683752
-9093147619597919998
-806728504953125465
-2875527647180292924
6402690020818764858
-9188800732141544176
5097474179373467787
-3060464918914225637
4029541603175395905
-2316597705513883523
3960853415164225165
-1567889103062350902
-2235061582025728163
-1273328328844553705
6748493538109698737
-927146476907963588
-7088063448648381840
2619318427803986749
-8570414756319939909
1573649530347877988
651648336398249789
-6691110251567302318
2479789194188847563
-942694536110541438
-4625181506073326643
3702311204604966607
-7713158290589809478
-5890410511308588216
-5075154916346782156
1912290871951209896
4779555861738521831
5688635185118658168
-2508989932964647913
7349568761092811618
8954044250891910475
7813910047773282253
-7126616388461590070
1924849130018915083
2462141227063169339
3275144366407285831
-8185456882558718582
-1356371960856539928
-6367368251873128320
-7953672568457646421
-1786113510929453781
5728760598171593678
-6681079490898889918
3565303057400706750
-9201515283987137665
3648111034938890556
8701581156685746445
4939018738700066685
-3417751102103515164
8037619378421424750
-4453441112174692145
2388313972765828804
5107560784476032109
1912572071693662049
4174563424906192052
-6584856889476239778
-7032538188193822593
132628483739561075
-1839283343320103107
-6735295864280573964
7908434542489127808
-3587018258381530255
3425333378874098010
-4330801029468968523
-1694162473832496312
5622948058111556322
309279209491424221
7439475473206165841
-2956988905377468548
5265907138529345043
1229230228630804121
2424769638802557170
5118129545925214072
-2177742520642290064
-1713564994896446633
3571054250159254550
-7622193933418073291
3480599768734562222
5417855614874155466
4323842176203340736
7629042012192236634
-831928758436700516
8045206944080163833
9065804419055919299
-4594864672566432748
4068927189154651692
-4753644743521581070
1090000217584326742
558793433805332256
-4717128035201107421
3979437566626782510
-6555796639722377248
-8417935634634194922
-4722853216918954739
-2584460301653314905
1932668657486043908
4278785374880512975
-8469352185125002429
2257823121249690552
-6374452772961135463
4587904425588586548
6768963739260751652
-5042880166938960382
2951118271486065208
8648126129884310985
1518241687130920715
7652699717987728842
2792399945081627008
7385234193619502561
48214498373136589
2302138946600171598
-8432534753445698102
6204066485805037631
-740673919671367285
602576136159277971
-5020222768346098530
-5459812457570791230
3597032741963453587
-1826220163973244505
-7391616966868484299
5655641907409005877
-7246188096965227511
8271685801347182451
-3524864906283197705
-8297681630439189104
2639541883482889268
8292200833721903638
8553055174679295671
-2964735234080897402
