-3133345469455152579
4059386779915528271
7754964679277041925
-6497420399505806570
-8900263748708549305
1050639995685209033
-8235481875429101515
7718786287592478339
-5428568224497038786
2417108502733451108
1748137666478672141
6517133226956191428
-4167238650610017515
7812840245046963931
-8738371795839914143
-5269261782492316628
271137959674976421
2106139675017987625
-38643823653450646
-967238988807938503
-4877435268707754175
7030253788547544341
193304286647807054
4952729135722022716
1970547439459762697
-250993042347188535
5875096511394026657
6425729967931794824
-6949454935026560257
-8943266374288182390
1898229109520683385
2629568036049134757
-4329617700755552629
6492691266648783371
7163972387363689372
-3289739994847170317
-2416088964806279578
147505249744973907
4561019607458244431
6296866497570151603
-2673290979124462467
8854383129226603238
1368952613845368841
6591513310850081135
4609608828155112599
1134530910546925614
-4549866484357396104
510673148565116143
7450526367639153952
1925877757027445157
2941545384714499894
5489065593416284362
-880091099364108174
2010553452878503633
5363277724416083661
-6738641430336996989
5462094070218963836
7189872802953836379
4321009234692059314
6235010119575414234
-6653884168212493236
-8380778904666004380
9178021685987382366
4806165840918882262
2017117320120651420
4874949793851545055
-8686147369025303654
-6373663314587981257
-4918397318197654593
2930321532355502000
-7466363860368501616
-4294298555346816810
5746914326711026151
2223297122468352021
6627842854707151315
-2030315751041118878
3202219864296065605
-536254390488907738
2987729556626584244
8598708947817821298
-6220333918042414988
5190054826368115542
276695728839690609
-7989447825340373062
4742453463387629656
-3235967794113008051
6488256832947089548
5243456668802470448
8558127305396567144
-436573156101784084
1524917822139867808
-5569652087227448735
3174432593671421463
1899530006129168696
3007747626210829653
9207418867406345844
-6364594266400991729
5356076447007867812
-5961621433396144262
-3775027130056257859
7802286444209954673
-3191918204506883216
5450461354118784424
6885562836702778054
707368957370464061
-1445080570078811155
-3085836109810246930
382188976682287729
-2256238743635599979
-3545009198437034540
-8710318036430291250
4785046755597330577
4691535262546676983
-1293227460757287229
-1985805999944295367
4875320819222491475
1154110839319523344
-6146983550166267288
1633516460455585591
-7713996013204112034
-4529081493701178866
3551477016184207106
9180438240043908598
-5245125811207827514
6068110547103130676
-5742457701109641813
-2184121105326327500
-1834127925476166693
9182442649068077541
-2436504925533718024
-5652601698415333969
-2615798040381323913
6547076295793051279
-9050004907539843076
-9019587818705827973
-1670399635265423980
1915722483263684427
-2590467116345095517
-6953422234422952393
463262212874702678
1369593545568987231
-2784334021448089723
7835964771897181331
8974100691544691832
3369227186974949830
8980877659495732445
2089755101710453584
-337158038841764285
7564824758628619303
-511112271785066213
672231157302567580
3129198723921626144
7376926655644560987
5949502448163754695
-793981229378227584
6275121565140992223
5477230991596141251
5584465326537887687
-5627717622977940725
-2776068408078181374
4077758371015244067
-4216873638242098930
8632982241823962889
-5431319409053297572
-1172701645193819267
-6494508390334525349
3586938651331036
4047374579142625873
-6172346516973621031
-397396212704110154
782542947297650638
-3529576815090543130
24812718121959550
3822534447055727796
853090187148214110
-1143161615155091122
-763591621080945752
3747919152713116722
-853215189452589060
2254394717503467033
7646311121463115967
-1591461169624866977
1451814236852461474
-4487346614014126887
4928860230822682274
6334125881985101916
4741223207573222013
-1842526592671587329
-1437411977125745824
8877831169189522923
4504833424324505876
-871231621240053028
976714271780859169
3371607365074752606
-1022533861211203626
-5217395109948719114
-4358527036970526431
412626518236258914
-412270389445824108
5723985474985614636
-363161571159690122
4468181782258948760
3119131802599870483
7775596493657195280
8045651627581626765
5432379535311053315
2219751340003273140
654804047427309632
4214407067851468171
6390680757010380454
-3398468520238012527
-248767693663730680
491738156196388682
-7131944704746184270
-7185539449159435259
-6823679532151651585
-6894287691359560709
-7148992040718355085
-8565814863205178627
-4709136918798895385
-7105749200409452054
4005126563907517606
6262371985262670204
5142283274805439159
7308692154949053500
6805682961307689711
-3756446326482195355
336875389541807495
7400376939868155092
-5739929313115808541
493108134967215905
-1194931615708803849
-8442522374808839613
8422857402148879472
