-1000254145944006830
-1004215110841080504
-1004659147637632788
-1006347006960413160
-1030474679403722706
-1077860694796375659
-108927776002937367
-1183061467199779891
-1193625227414782691
-1273002246350418189
-1291781940455612350
-1298149977167691257
-1356371960856539928
-1367585094794932227
-1370668764629249016
-1381723366126891638
-1400063918670386602
-141526326507460560
-1440544664141591437
-1441892038182162791
-148790833356605887
-1499667030051346698
-1515141566152522729
-1533355646687725191
-1536976171608870984
-1551058897362052265
-158394940819863272
-1601149291489313363
-1623830405989942633
-1644399827318761786
-1655192067318889486
-1663391319809313642
-1694162473832496312
-1713564994896446633
-1725004997139015845
-1764115123840590672
-1786113510929453781
-1790979586363013122
-1791057147537467755
-1811059756757061073
-1826220163973244505
-1833273680122497440
-1833431167540928862
-1834127925476166693
-1839283343320103107
-1850542025057663101
-1879630844595189690
-188839202192674029
-1903306332180353351
-1913343552528540155
-1913529588762892318
-1941090669181272802
-1971558521629940259
-1985805999944295367
-2006204806984499291
-201857326551569819
-2054041069097330974
-2065577965062296207
-2078833773700517888
-2079514495023723864
-2135416281880269360
-2154929435999038059
-2174715636818316817
-2177742520642290064
-2192357923621052010
-2207184551410451368
-2227038687039973484
-2244523429552930009
-2252680402631268768
-2260018044987340743
-2271667455813182957
-2273121254236615790
-2300460903077368327
-2325323452438335241
-2393691621953542634
-2414884937257446427
-2420713981229028859
-2425373410000738580
-2491819994212641626
-2502434013939926230
-2520348803797773859
-252047546139315130
-2528890206776921160
-2584460301653314905
-2592787835201910849
-2659357793416684801
-2672873365799033666
-2684299697392073365
-269505897980799500
-2703917412857157465
-2722775751986913376
-272469068719250066
-2744115316587273509
-2763443939217236043
-2783424710377461397
-2783956099362787355
-2802183237729058959
-2831638323692762299
-2832355229723857849
-2840009026102342330
-2844310992281654303
-2868317505568462620
-2869646869153257438
-2880448169153313910
-2907573298632037679
-291091445633240590
-2914764643860548408
-2931640436003916237
-2943196190662126982
-2943598351496664645
-2956907861000168914
-2956988905377468548
-297334876856835099
-3023935889462641463
-3052532423882891240
-3054177526101977467
-3054618521302616612
-3089575534532934356
-3099172037199033336
-3117670874495087573
-3119628911101051103
-3158027364547294010
-3203463990486233930
-321921685754925047
-3257362950287290359
-3262920858280523123
-326697543507163194
-3289707232322386508
-3293133563023390635
-3308749473068844946
-3328572567082623859
-3380682669789070995
-3417751102103515164
-3430385247777986904
-3436777721864062314
-3444102990284684708
-3455849224285348384
-3471924379370650846
-3478543343961372443
-3485791736995387269
-3489181591123762685
-3510460995466424092
-3516401847043284922
-3536832850547056252
-3538275337706932003
-3552677289614478685
-3559298438877407053
-3587018258381530255
-3604388830901770644
-360841124297862991
-3636362267326138445
-3667917846951944015
-3701178350938569958
-3732431816549228195
-3741055429827244619
-3742784829527637728
-3746666555317584696
-3759442692792934633
-3769419165836091415
-37731137862036688
-3778868156595790606
-3787195056052092672
-3795896925147668796
-3800351878916019062
-3803092304618509395
-3813016763052359341
-3875741461686258099
-3885807047469576619
-3913935023456724297
-3921459966720432614
-3963527708626169330
-3976724025968307166
-3998130182649756449
-4003012702567140355
-4021434944991519894
-4041411607488693081
-4042620610392073711
-4050245546994312543
-4091000254726280726
-4113984480963368116
-4130334028687228039
-4133585067256272747
-4142789192174511112
-4328453087147258138
-4330801029468968523
-4369494087643375247
-4403151410272514153
-4429009402351546175
-4435861703016202636
-4440735187008651268
-4444275597930870410
-4447682069685781600
-4449942282576615702
-4453441112174692145
-4459842243069779049
-4467822821493942895
-4496180531370458616
-4526340070856253150
-4584478672741570628
-4594864672566432748
-4640580766324933243
-4645590644167731408
-4654242079949177437
-4675245524425053161
-4689253373310651765
-4690351881210260848
-4713049685302726285
-4717128035201107421
-472171013441710064
-4722853216918954739
-4723852304088861508
-4753644743521581070
-4758010006121091004
-4782657250003183500
-483189067608207936
-4844122986104909878
-4844773992353318670
-4863120626263454060
-4864029758919346148
-4870212677670045824
-4971246366195978854
-4976203691468072854
-5020222768346098530
-5021196282684395281
-5042880166938960382
-5052916444076107613
-5068640708972007470
-5107440112619064196
-511214324913090075
-5129798858706815598
-5144485935592487016
-5163158758384988631
-5169363346488965000
-5185116545065166163
-5202151390701496327
-5215920831995918178
-5261867801961969128
-5262315135520041000
-528567878647368351
-5314399865785985349
-5323668772145372040
-5340199735204994873
-5342646433175197007
-5343747680761102556
-5353596753277487973
-5366724301202460298
-5374510920079766905
-5459099840923222140
-5459812457570791230
-5486931662058212260
-5625357722685530175
-5635900491095080489
-5649984992517835527
-5653883524015727548
-5654182616307894971
-5663511802071741584
-5672739839663202143
-5713274146640178026
-5715161399503110067
-5715907164921227040
-5731004859617171767
-5771665997246680399
-5784127302850975263
-5846868451747400198
-5850366146972827524
-5857201145841725156
-5887722835809377562
-5910118668130358903
-592283757034899781
-5928111099817996188
-5930728945054525074
-5958142519298248294
-5965188557123483562
-5977744911348364378
-5978662409789346662
-5982674102171625104
-6014263821724378099
-6101099419638802952
-6132672453339379000
-6136065907100023571
-6162499222792758980
-6177099814791418533
-6221264812491573112
-6232262973329355461
-6232343833875750178
-623338147079094193
-6244792315287657481
-6318307311617264840
-6320572118609390026
-6362261299396757378
-6367368251873128320
-6371061223452498812
-6374452772961135463
-6376635372280229850
-6389144323657045769
-6389550826988761536
-6404415307004841115
-6412113802935383620
-6417145299135668689
-6434581182767576387
-6439690623465494217
-6442668528017512903
-6467245901844206263
-6529449757854759181
-6536030153085421843
-6541989193278455708
-654950758567967236
-6555796639722377248
-6557970685699013838
-6558914871167557853
-6579369326500400018
-6584856889476239778
-6591150480102465645
-6595375737376276505
-6617795246902566753
-6622535496156513223
-6626150718173738385
-6646784469087487270
-6650153409087871669
-6667696151355479735
-6670223013329760772
-6673255148132525696
-6681079490898889918
-6727460572707263405
-6732551432297722411
-6735295864280573964
-6745491796245001238
-6770123357670909085
-6778381966666761538
-6806647098046156573
-6820068434041940585
-6846876247467053387
-6866470318487958167
-6917135451532607932
-693242744515056973
-6952863795746938663
-6999690837132565249
-7011868917728318898
-7032538188193822593
-7057315522032062217
-7069496276833437906
-7092844453013318904
-7152305458780035996
-7200498717149056046
-7209101860521255694
-7241834973806211191
-7246188096965227511
-7249787478991802285
-7265250282168827090
-727106485736792723
-7336107015141444895
-734358342225236903
-7354209111292149420
-7364151968814402615
-7365318014695508617
-7378466440284003741
-7391616966868484299
-740673919671367285
-7445479687112143325
-7479390631022821903
-7512183129818971578
-7520358907055061639
-7562257816020625060
-7601403059747648514
-7622193933418073291
-7652117416728338018
-7677944173050510610
-771942274617964040
-7755323116000258315
-7755819028001926002
-7765742975216840836
-7779225382464502805
-778241967389949934
-7794771534256013644
-7795830984904760533
-7818664837937526144
-7821621634383313403
-7829062769006455239
-7832050085652999777
-7931349799084276427
-7952831084222535381
-7953672568457646421
-7955626229574683366
-7985573627661223469
-800942670451344818
-8016467066573026345
-8016756106668851259
-8020549638929189925
-8035781614824004125
-8065379098232271888
-8065626536538690170
-8068582842778481100
-8072446682262851977
-8111702390977606001
-8112811761483299129
-8131764584869292898
-8142791888512268554
-81702975037959848
-8170811162332124273
-8185456882558718582
-8202250212731482329
-8205696299414051983
-8221236142070413978
-82350228733511895
-8239992786662944768
-826537173778994345
-8274669849909933749
-8280540092806520923
-829533981741601672
-8313956681242894005
-831928758436700516
-8326209845282766107
-8377723934678482948
-8380812122347989273
-8389782644191799683
-8397220302811077712
-8417935634634194922
-8418607401985717893
-8420810858217645455
-8432534753445698102
-8443786803293323480
-8453797677736905577
-8469352185125002429
-8475665430587294107
-8484662387476291976
-8497220175554292274
-8539746424265254655
-8541769044042162801
-8552691058498702401
-8553529520516894374
-8554580012407607573
-856395551908782415
-8574736813144573639
-8593264052691759603
-8630348664630931639
-865130581350019411
-8653794378070164964
-8657080621050815409
-8674164946126094938
-868201311844125786
-8683537259828447555
-8736208159835573235
-8740411668768977195
-880328071813362512
-8820600822556886723
-8832633178077115826
-8847159752962586687
-8853698987517099172
-8857709837603320352
-8872955958154016200
-8882926213674924057
-8894941003247646205
-8918742563684779583
-8936957238740109267
-8963966751645829668
-8966563496774081612
-896710158694404583
-8987672496470433412
-8999441295978686926
-9000369885443298847
-9020335595168865132
-9078330970202755616
-9083651444880327312
-9090418031145784308
-9107739283037611475
-9122272176932993176
-9134378506512398896
-9140435255606235616
-9149591893213515646
-916099854550906904
-9165616300878750590
-9189199774729301215
-9201515283987137665
-9202178867484294547
-9202787394138209283
-9208039349357501404
-947508460321052362
-95737965650869002
-976354526767995772
-989866858445615644
1090000217584326742
1099399222675816328
1104147238429932415
1132409806724433594
1164853243193799908
1195283795105533373
1223303905437760245
1229230228630804121
1233421356338067433
1236844767928951004
1246726062521748618
1262588789383672553
126547727804199011
1268066800280460214
1284586775831802517
1294153187687615781
132628483739561075
1331130632038265848
1339064416219225387
1350447973051327230
1361406355243671143
1362679069350705486
1383988274856823360
1390300767793381412
1393914141378073217
1429073183115999584
146455930897207276
14907452887041405
1506029531658159149
1518241687130920715
1528881177868333070
1544752266091581600
1620345791595119561
1627154746187985663
1654291829795868886
1752683733197777124
1769721564568716535
1770422035507341450
177462711793090413
1776553019160628011
1796284708971223854
1844307093667411509
1849165812004380091
1854091327172231978
1856027515311785206
1857414499465116142
1896737968112248277
190532362721054492
1912572071693662049
1932668657486043908
1986745031285918523
1996179751699410692
2043306620979859707
2053027498361710411
2053921900126593235
2056854497722105037
2101020577325949521
2106211737264691221
2117934328201793257
2119357438642343036
212759288519020796
2146792845939893987
2171369700097585434
2175303077724864016
2195206858683842035
2217602165020966817
2218844338196415558
2228123362545050327
2234922130372730573
2240145503531833310
2257823121249690552
2300544037954413240
2302138946600171598
2312264749429392352
2337069798637767462
2388313972765828804
2394025079981983176
2403162624223678617
2412385178006396880
2424769638802557170
244629786825435745
2457954106667714367
2462141227063169339
2474780756493319877
2475161757099212744
2477669336447062375
2487223152423203117
2494090415484498968
2495929273173687613
2519225334050605545
2553150611024001824
2588194813335248239
2593643975609939728
2597179408507040727
2624682769820405451
2626565227833349509
2698320411893390623
2721901841814663163
2744342088822794129
2745833922588997322
2792399945081627008
2802918335023738616
2814561675091374647
2842790320131852814
2869485047361795494
288841120672674542
2951118271486065208
2955590176156299510
2965537792046100103
2973543582434488468
2990749312893309610
3015836521799914092
3016275265807651001
302244637331841374
3029555196029806105
3075581144355065307
3079716389440943218
3083842907937754180
3088684521587610203
3090706116303264571
309279209491424221
3109249490630049509
3109892902715490159
3114720121527640203
3124016146387086570
3129673538585213298
3131252208024284284
3140904356636232034
3144162372852233709
3159155458696754968
3255775023735390209
3275144366407285831
3277712305813610003
3301648149974146845
3325522349464320447
3338146233219709020
3355651311763284844
3380061441700555436
3380189472828529054
3382124851317433934
3407279362091207171
341867197879775851
3425333378874098010
3435369708383781075
3449511373058866940
3480599768734562222
3481721862962477709
3490403479854418242
3494952213032721078
3504201098608908688
3522124418787294211
3531939330354419149
3551477016184207106
3563602442134327050
3565303057400706750
3571054250159254550
3573708561433139228
3593129211730715870
3597032741963453587
3597717830779196732
3604350330973863692
3605212594845385410
362001177041944406
3628625349761760729
3648111034938890556
3675561523739946002
3707385723764561331
3748816685184920627
3765926474449422305
377206012238641590
3782021664007881568
3783869161183077969
3793109079930317992
380542333882532450
3819185571043499736
3849782191437272258
3854972707206226710
3880689077202012884
3881135729231389160
3901630896607947884
3902821370277668927
3929088900726197745
3943305676415651041
3964768220373914291
3979437566626782510
3988215100682681578
4016457483183510739
4024553027424001719
4061260534834067020
4068927189154651692
4074499504902497840
409495934680016519
4101322566384979423
4128547693071107752
4129845468912271712
413995157792954388
4153874193423892156
4173035037613204009
4174563424906192052
4175020083078545130
4183630666550358922
4196167612302720475
4197591176521846316
4233236083959607005
4236525471561904254
42394790707513378
4248787809460675088
4262704960422618187
4265239236709579170
4278524329945608065
4278785374880512975
4292657542598918869
4323842176203340736
4352286782258597856
436441540288398260
4371693901662340230
4393206586846598636
4408091523923709750
4421897280733067489
4424489646270758172
4446798636131991695
4483070325289490512
4490078595317051054
4539442077678736681
4556804586609438034
4560361789696339215
4587904425588586548
4605340481782983132
4610773452072183036
4628638428438911883
463262212874702678
4639561927441204268
4757453601177854782
4762133669561065065
4775229988969802222
4793589400643688709
4797420888350591929
48214498373136589
4835096447189539703
4849442834785481466
4857010918847278295
4876374014719407994
4908178449084887466
4939018738700066685
4952320873884760298
4957995421057735545
5005261051787102817
5013594779934697363
5038499699580465653
506329645764041615
5084503112737337471
5107560784476032109
5118129545925214072
5148424407447726274
5160064328209159340
5168215237474812095
5170146831430328932
5205242922218754472
5259878814985695436
5265907138529345043
5268176113446198764
5303880342616921552
5309707874700814495
5322752006779404081
5337609260084184673
5338530110168096967
534916267474193663
5366670907025112727
5417855614874155466
541909999849641726
5445415986212129591
5461383956149310313
548280817184651615
5486903035202807272
5506931513358665093
5510173458495824767
5521271309291388610
5542622348034098972
5559475571079320742
558793433805332256
5622873412587968925
5622948058111556322
5655641907409005877
5658521300383324693
5674076422088219008
5728760598171593678
5728811552026054105
5783432091996050424
5789027721325667443
5815719575864333617
5824545045305163743
5831325048709339885
5879611061237025120
5888245786187950815
5890698096283935461
5954340574138992419
595794435910130968
5972614195699610355
5972695676594733093
5975364091012144293
602576136159277971
6029669832865753819
6033673185258026442
604599841183488491
6088544982555645216
6098877126650963629
6103076580004601516
6128039134341151007
6171207771913848890
6177369086006199529
6184744622387928489
6192461086150747202
6204066485805037631
6223285054572226121
6232908158522880250
6256863923678831688
6257925161993996181
6261061168286768848
6276509275381993109
6303420559907513344
6303760526749090844
6353144920224510290
6397465075549200143
6442998030062253496
6469435717172980184
6480442796535596720
6490883599230770903
6508601511042227091
6514827921109334391
6520384670819442130
6600675635904722907
6603118876429827325
6612777415984765476
6622358491146741459
6635562273639194985
6643077246475437238
6655101410790959174
6675256131812418067
6720025975860861231
6720436959794359728
6768963739260751652
679152354300274870
6800273055745366459
6801975838364467403
680306429378213872
6828355868030213046
6838512448820557460
6856695763755306888
6922903696393554855
6939768303140191956
6950338575199961188
6966272943287645361
6974875081110269006
6998748166745671938
7009693924274495606
7011521059823585445
7013316801605629046
7017829809405308648
7022916230519372141
7055376774863362603
7056030606980020091
7076650066545210611
7106536628133706150
7114761707754965893
7130344852559975831
7167409450520227315
7181252083668275820
7195581828726865488
7209917845841848739
7223482131938949853
7230270696593161132
72311179682006797
7233789831718952703
7252914360876469299
7274583054284899628
7315202861693848692
7343563223278987430
7371875136473570761
7385234193619502561
7413867167204285941
7422192232373856653
7438635979164472919
7439475473206165841
7519756791459203040
7559604807033467790
7566834272202763865
7580667815816780037
7604225947580158884
7607324957184542014
7612049150715532301
7618858710504386228
7626416141900859790
7627591848450842069
7627980861787686606
7629042012192236634
7631703262115717323
7652699717987728842
7655376881569264671
7655812499889910125
7671584644488238213
7682319556011414210
7712808815547679138
7722810495151878368
7737600626745392950
7775388664148723941
7778429396411269992
7830799997317896526
7858357822417127961
7893278700138980279
7908434542489127808
791281956189662995
7931576217610757348
7940347205512000795
7966869638836698988
7999659700037188401
8037619378421424750
8045206944080163833
8087549657139761721
8088459762405286632
811620710920565530
8124079913757484068
813213605689209839
815971261857896007
8169617314233798035
8172830537351358255
8183663870759268561
8184674088285301400
821261639824107245
8219120967361272146
8274196583645975067
829070596557510084
8380322747047003420
8380930495028407637
8388094501235670248
8405959588405375015
8437677026417146061
8472718071618243433
8476331162559660355
8480646303964367920
8494446855332391315
8509712224372783572
8518677779205787535
8551424116386221635
8560332403893324132
8569378897449250626
8573490601392239908
8575501198521055083
8583741557209471351
8606848389746450985
8642483259615019179
8648126129884310985
8678290441327251834
8689360218216621309
8692091479799753588
8701581156685746445
8714574355973504767
8718160032518984028
8724633443953778203
8732545975882258286
8738233856837368702
8758407594969309484
8760524121813550997
876263085588538931
8767349613733482507
8788568300450037048
8789912024776197192
8792537661382828585
8796411565890159888
8822764642806519962
8849697588544680955
8873825692293332139
8874361243083791055
8885803356902061209
8886176704715790330
894064984503174734
8961881244400982252
8992666018810819846
8992696899476956625
9065804419055919299
9104719620943328178
9133834957150354363
9146867982483087844
9190567565364154429
9192017181343818044
9207611524760716712
9207622649648994920
922430364285511563
927250573060321870
938601459232155369
947869654863424333
979610079888698537
989629470508595831
996819770376713137
999087387521769084
